module Scene

let heaven_nodes_dragon place (parent: Matrix34) =
    let n9 = parent * Matrix34.Identity
    let n10 = n9 * Matrix34(0.999987f, 0.000000f, 0.000000f, -0.000004f, 0.000000f, 0.999987f, 0.000000f, 0.000002f, 0.000000f, 0.000000f, 0.999987f, -0.000017f)
    place "heaven/meshes/buildings/dragon.mesh" n10
    ()

let heaven_nodes_flies place (parent: Matrix34) =
    let n20 = parent * Matrix34.Identity
    let n21 = n20 * Matrix34(1.000000f, 0.000000f, 0.000000f, -0.000001f, 0.000000f, 1.000000f, 0.000000f, 0.000004f, 0.000000f, 0.000000f, 1.000000f, 0.000000f)
    ()

let heaven_nodes_house1 place (parent: Matrix34) =
    let n14 = parent * Matrix34.Identity
    let n15 = n14 * Matrix34(1.000000f, 0.000000f, 0.000000f, 0.000000f, 0.000000f, 1.000000f, 0.000000f, -0.000011f, 0.000000f, 0.000000f, 1.000000f, -0.000418f)
    place "heaven/meshes/buildings/house1.mesh" n15
    let n16 = n15 * Matrix34(0.667533f, -0.744580f, 0.000000f, 2.871090f, 0.744580f, 0.667533f, 0.000000f, 1.558200f, 0.000000f, 0.000000f, 1.000000f, 1.851740f)
    let n17 = n16 * Matrix34(0.667532f, 0.744579f, 0.000000f, -2.218530f, -0.744579f, 0.667532f, 0.000000f, -2.860050f, 0.000000f, 0.000000f, 0.999998f, 1.032050f)
    let n18 = n16 * Matrix34(0.667532f, 0.744579f, 0.000000f, -2.218540f, -0.744579f, 0.667532f, 0.000000f, -2.860050f, 0.000000f, 0.000000f, 0.999998f, 1.032050f)
    let n19 = n18 * Matrix34(0.667534f, -0.744579f, 0.000000f, 0.000004f, 0.744579f, 0.667534f, 0.000000f, 0.000000f, 0.000000f, 0.000000f, 1.000000f, -0.050003f)
    heaven_nodes_flies place n19
    ()

let heaven_nodes_house2 place (parent: Matrix34) =
    let n24 = parent * Matrix34.Identity
    let n25 = n24 * Matrix34(1.000000f, 0.000000f, 0.000000f, 0.000306f, 0.000000f, 1.000000f, 0.000000f, -0.000031f, 0.000000f, 0.000000f, 1.000000f, -0.000219f)
    place "heaven/meshes/buildings/house2.mesh" n25
    let n26 = n25 * Matrix34(0.667534f, -0.744579f, 0.000000f, 0.000001f, 0.744579f, 0.667534f, 0.000000f, 0.000002f, 0.000000f, 0.000000f, 1.000000f, 0.000000f)
    let n27 = n26 * Matrix34(0.667532f, 0.744579f, 0.000000f, 3.730770f, -0.744579f, 0.667532f, 0.000000f, 1.973180f, 0.000000f, 0.000000f, 0.999998f, 2.970110f)
    let n28 = n26 * Matrix34(0.667532f, 0.744579f, 0.000000f, 3.730770f, -0.744579f, 0.667532f, 0.000000f, 1.973180f, 0.000000f, 0.000000f, 0.999998f, 2.970120f)
    let n29 = n28 * Matrix34(0.667534f, -0.744579f, 0.000000f, 0.000004f, 0.744579f, 0.667534f, 0.000000f, 0.000000f, 0.000000f, 0.000000f, 1.000000f, -0.050003f)
    heaven_nodes_flies place n29
    ()

let heaven_nodes_house3 place (parent: Matrix34) =
    let n37 = parent * Matrix34.Identity
    let n38 = n37 * Matrix34(1.000000f, -0.000002f, 0.000000f, 0.000160f, 0.000003f, 1.000000f, 0.000000f, 0.000141f, 0.000000f, 0.000000f, 1.000010f, 0.000269f)
    place "heaven/meshes/buildings/house3.mesh" n38
    let n39 = n38 * Matrix34(0.667534f, -0.744579f, 0.000000f, 5.395280f, 0.744579f, 0.667534f, 0.000000f, 3.652300f, 0.000000f, 0.000000f, 1.000000f, 2.947740f)
    let n40 = n39 * Matrix34(0.667532f, 0.744579f, 0.000000f, -0.593801f, -0.744579f, 0.667532f, 0.000000f, 0.560905f, 0.000000f, 0.000000f, 0.999998f, -0.022601f)
    let n41 = n39 * Matrix34(0.667532f, 0.744579f, 0.000000f, -0.593806f, -0.744579f, 0.667532f, 0.000000f, 0.560904f, 0.000000f, 0.000000f, 0.999998f, -0.022595f)
    let n42 = n41 * Matrix34(0.667534f, -0.744579f, 0.000000f, 0.000004f, 0.744579f, 0.667534f, 0.000000f, 0.000000f, 0.000000f, 0.000000f, 1.000000f, -0.050003f)
    heaven_nodes_flies place n42
    ()

let heaven_nodes_house5 place (parent: Matrix34) =
    let n44 = parent * Matrix34.Identity
    let n45 = n44 * Matrix34(1.000000f, 0.000000f, 0.000000f, 0.000162f, 0.000000f, 1.000000f, 0.000000f, -0.000082f, 0.000000f, 0.000000f, 0.999971f, -0.001907f)
    place "heaven/meshes/buildings/house5.mesh" n45
    let n46 = n45 * Matrix34(-0.946505f, -0.319974f, 0.041736f, -5.568100f, 0.322149f, -0.944450f, 0.065070f, 0.197800f, 0.018596f, 0.075034f, 0.997001f, 2.990080f)
    let n47 = n46 * Matrix34(0.667532f, 0.744579f, 0.000000f, -3.051260f, -0.744579f, 0.667532f, 0.000000f, -0.698139f, 0.000000f, 0.000000f, 0.999998f, -0.208544f)
    let n48 = n46 * Matrix34(0.667532f, 0.744579f, 0.000000f, -3.051260f, -0.744579f, 0.667532f, 0.000000f, -0.698135f, 0.000000f, 0.000000f, 0.999998f, -0.208538f)
    let n49 = n48 * Matrix34(0.667534f, -0.744579f, 0.000000f, 0.000004f, 0.744579f, 0.667534f, 0.000000f, 0.000000f, 0.000000f, 0.000000f, 1.000000f, -0.050003f)
    heaven_nodes_flies place n49
    ()

let heaven_nodes_flag_small place (parent: Matrix34) =
    let n51 = parent * Matrix34.Identity
    let n52 = n51 * Matrix34(1.000000f, 0.000000f, 0.000000f, 0.000001f, 0.000000f, 1.000000f, 0.000000f, 0.000000f, 0.000000f, 0.000000f, 1.000000f, -0.000001f)
    let n53 = n52 * Matrix34(1.000000f, 0.000000f, 0.000000f, 0.000080f, 0.000000f, 1.000000f, 0.000000f, -0.000023f, 0.000000f, 0.000000f, 1.000000f, -0.000001f)
    let n54 = n52 * Matrix34(1.000000f, 0.000000f, 0.000000f, -0.000001f, 0.000000f, 1.000000f, 0.000000f, 0.000008f, 0.000000f, 0.000000f, 1.000000f, -0.000001f)
    let n55 = n54 * Matrix34(1.000000f, 0.000000f, 0.000000f, -0.000015f, 0.000000f, 1.000000f, 0.000000f, 0.000004f, 0.000000f, 0.000000f, 1.000000f, 0.000004f)
    ()

let heaven_nodes_house6 place (parent: Matrix34) =
    let n58 = parent * Matrix34.Identity
    let n59 = n58 * Matrix34(1.000000f, 0.000000f, 0.000000f, 0.000168f, 0.000000f, 1.000000f, 0.000000f, -0.000053f, 0.000000f, 0.000000f, 1.000000f, 0.000240f)
    place "heaven/meshes/buildings/house6.mesh" n59
    let n60 = n59 * Matrix34(-0.915128f, 0.402724f, 0.018749f, -2.168950f, -0.401740f, -0.914818f, 0.041347f, -4.244380f, 0.033804f, 0.030306f, 0.998966f, 2.919270f)
    let n61 = n60 * Matrix34(0.667532f, 0.744579f, 0.000000f, -5.884020f, -0.744579f, 0.667532f, 0.000000f, 0.113762f, 0.000000f, 0.000000f, 0.999998f, 0.119857f)
    let n62 = n60 * Matrix34(0.667532f, 0.744579f, 0.000000f, -5.884030f, -0.744579f, 0.667532f, 0.000000f, 0.113770f, 0.000000f, 0.000000f, 0.999998f, 0.119863f)
    let n63 = n62 * Matrix34(0.667534f, -0.744579f, 0.000000f, 0.000004f, 0.744579f, 0.667534f, 0.000000f, 0.000000f, 0.000000f, 0.000000f, 1.000000f, -0.050003f)
    heaven_nodes_flies place n63
    ()

let heaven_nodes_mill place (parent: Matrix34) =
    let n66 = parent * Matrix34.Identity
    let n67 = n66 * Matrix34(1.000000f, 0.000000f, 0.000000f, 0.000000f, 0.000000f, 1.000000f, 0.000000f, 0.000000f, 0.000000f, 0.000000f, 1.000000f, 0.001976f)
    place "heaven/meshes/buildings/mill.mesh" n67
    let n68 = n67 * Matrix34(0.667534f, -0.744581f, 0.000000f, -3.906510f, 0.744581f, 0.667534f, 0.000000f, -3.087300f, 0.000000f, 0.000000f, 1.000000f, 1.229120f)
    let n69 = n68 * Matrix34(0.667532f, 0.744579f, 0.000000f, -0.243752f, -0.744579f, 0.667532f, 0.000000f, -3.215910f, 0.000000f, 0.000000f, 0.999998f, 1.009210f)
    let n70 = n68 * Matrix34(0.667532f, 0.744579f, 0.000000f, 0.781677f, -0.744579f, 0.667532f, 0.000000f, -2.307290f, 0.000000f, 0.000000f, 0.999998f, 1.365840f)
    let n71 = n70 * Matrix34(0.667534f, -0.744579f, 0.000000f, 0.000004f, 0.744579f, 0.667534f, 0.000000f, 0.000000f, 0.000000f, 0.000000f, 1.000000f, -0.050003f)
    heaven_nodes_flies place n71
    let n72 = n67 * Matrix34(1.000000f, 0.000000f, 0.000000f, 0.000000f, 0.000000f, 1.000000f, 0.000000f, 0.000008f, 0.000000f, 0.000000f, 1.000000f, 0.000002f)
    place "heaven/meshes/buildings/mill_wings.smesh" n72
    ()

let heaven_nodes_lab place (parent: Matrix34) =
    let n74 = parent * Matrix34.Identity
    let n75 = n74 * Matrix34(1.000000f, 0.000000f, 0.000000f, 0.001352f, 0.000000f, 1.000000f, 0.000000f, 0.000147f, 0.000000f, 0.000000f, 1.000000f, -0.000463f)
    place "heaven/meshes/buildings/lab.mesh" n75
    let n76 = n75 * Matrix34(0.667533f, -0.744580f, 0.000000f, -4.383690f, 0.744580f, 0.667533f, 0.000000f, -3.286390f, 0.000000f, 0.000000f, 1.000000f, 2.531530f)
    let n77 = n76 * Matrix34(0.667532f, 0.744579f, 0.000000f, -0.390209f, -0.744579f, 0.667532f, 0.000000f, -3.244460f, 0.000000f, 0.000000f, 0.999998f, -0.680565f)
    let n78 = n76 * Matrix34(0.667532f, 0.744579f, 0.000000f, 0.604923f, -0.744579f, 0.667532f, 0.000000f, -2.747890f, 0.000000f, 0.000000f, 0.999998f, -0.179463f)
    let n79 = n78 * Matrix34(0.667534f, -0.744579f, 0.000000f, 0.000004f, 0.744579f, 0.667534f, 0.000000f, 0.000000f, 0.000000f, 0.000000f, 1.000000f, -0.050003f)
    heaven_nodes_flies place n79
    let n80 = n76 * Matrix34(0.667532f, 0.744579f, 0.000000f, 5.333820f, -0.744579f, 0.667532f, 0.000000f, -0.673733f, 0.000000f, 0.000000f, 0.999998f, 7.733020f)
    let n81 = n76 * Matrix34(0.667532f, 0.744579f, 0.000000f, 5.316790f, -0.744579f, 0.667532f, 0.000000f, -0.689003f, 0.000000f, 0.000000f, 0.999998f, 8.037960f)
    let n82 = n75 * Matrix34(1.000000f, 0.000000f, 0.000000f, 0.000000f, 0.000000f, 1.000000f, 0.000000f, 0.000000f, 0.000000f, 0.000000f, 1.000000f, 0.000000f)
    place "heaven/meshes/buildings/lab_gears.smesh" n82
    ()

let heaven_nodes_mansion place (parent: Matrix34) =
    let n84 = parent * Matrix34.Identity
    let n85 = n84 * Matrix34(1.000000f, 0.000000f, 0.000000f, 0.000001f, 0.000000f, 1.000000f, 0.000000f, 0.000000f, 0.000000f, 0.000000f, 1.000000f, -0.000002f)
    place "heaven/meshes/buildings/mansion.mesh" n85
    let n86 = n85 * Matrix34(-0.915128f, 0.402724f, 0.018749f, 2.274690f, -0.401740f, -0.914818f, 0.041347f, -4.122890f, 0.033804f, 0.030306f, 0.998966f, 2.943270f)
    let n87 = n86 * Matrix34(0.667532f, 0.744579f, 0.000000f, -5.533530f, -0.744579f, 0.667532f, 0.000000f, -0.044090f, 0.000000f, 0.000000f, 0.999998f, 0.032737f)
    let n88 = n86 * Matrix34(0.667532f, 0.744579f, 0.000000f, -5.533540f, -0.744579f, 0.667532f, 0.000000f, -0.044079f, 0.000000f, 0.000000f, 0.999998f, 0.032737f)
    let n89 = n88 * Matrix34(0.667534f, -0.744579f, 0.000000f, 0.000004f, 0.744579f, 0.667534f, 0.000000f, 0.000000f, 0.000000f, 0.000000f, 1.000000f, -0.050003f)
    heaven_nodes_flies place n89
    let n90 = n86 * Matrix34(0.667532f, 0.744579f, 0.000000f, -4.518220f, -0.744579f, 0.667532f, 0.000000f, -8.973140f, 0.000000f, 0.000000f, 0.999998f, 3.203180f)
    let n91 = n86 * Matrix34(0.667532f, 0.744579f, 0.000000f, -4.518220f, -0.744579f, 0.667532f, 0.000000f, -8.973120f, 0.000000f, 0.000000f, 0.999998f, 3.203190f)
    let n92 = n91 * Matrix34(0.667534f, -0.744579f, 0.000000f, 0.000004f, 0.744579f, 0.667534f, 0.000000f, 0.000000f, 0.000000f, 0.000000f, 1.000000f, -0.050003f)
    heaven_nodes_flies place n92
    let n93 = n86 * Matrix34(0.667532f, 0.744579f, 0.000000f, 5.249870f, -0.744579f, 0.667532f, 0.000000f, -10.943500f, 0.000000f, 0.000000f, 0.999998f, 2.972380f)
    let n94 = n86 * Matrix34(0.667532f, 0.744579f, 0.000000f, 5.249860f, -0.744579f, 0.667532f, 0.000000f, -10.943500f, 0.000000f, 0.000000f, 0.999998f, 2.972390f)
    let n95 = n94 * Matrix34(0.667534f, -0.744579f, 0.000000f, 0.000004f, 0.744579f, 0.667534f, 0.000000f, 0.000000f, 0.000000f, 0.000000f, 1.000000f, -0.050003f)
    heaven_nodes_flies place n95
    ()

let heaven_nodes_weathercocks place (parent: Matrix34) =
    let n98 = parent * Matrix34.Identity
    let n99 = n98 * Matrix34(-0.258841f, -0.756965f, 0.000000f, 11.395900f, 0.756965f, -0.258841f, 0.000000f, 28.320900f, 0.000000f, 0.000000f, 0.799997f, 48.628600f)
    place "heaven/meshes/buildings/weathercock.smesh" n99
    let n100 = n99 * Matrix34(1.249730f, 0.025939f, 0.000000f, -21.416500f, -0.025939f, 1.249730f, 0.000000f, 44.638200f, 0.000000f, 0.000000f, 1.250000f, -21.124300f)
    place "heaven/meshes/buildings/weathercock.smesh" n100
    let n101 = n99 * Matrix34(1.249730f, 0.025939f, 0.000000f, 4.211030f, -0.025939f, 1.249730f, 0.000000f, 36.539100f, 0.000000f, 0.000000f, 1.250000f, -23.343200f)
    place "heaven/meshes/buildings/weathercock.smesh" n101
    let n102 = n99 * Matrix34(1.249740f, 0.025938f, 0.000000f, -54.009800f, -0.025938f, 1.249740f, 0.000000f, 3.280570f, 0.000000f, 0.000000f, 1.250000f, -16.105100f)
    place "heaven/meshes/buildings/weathercock.smesh" n102
    let n103 = n99 * Matrix34(-0.404443f, 1.182760f, 0.000000f, -16.326000f, -1.182760f, -0.404443f, 0.000000f, 0.212465f, 0.000000f, 0.000000f, 1.250000f, -10.637200f)
    place "heaven/meshes/buildings/spire.mesh" n103
    let n104 = n99 * Matrix34(-0.404443f, 1.182760f, 0.000000f, -30.442300f, -1.182760f, -0.404443f, 0.000000f, 49.099300f, 0.000000f, 0.000000f, 1.250000f, -16.936400f)
    place "heaven/meshes/buildings/spire.mesh" n104
    ()

let heaven_nodes_fir1 place (parent: Matrix34) =
    let n108 = parent * Matrix34.Identity
    let n109 = n108 * Matrix34(1.000000f, 0.000000f, 0.000000f, 0.000000f, 0.000000f, 1.000000f, 0.000000f, 0.000000f, 0.000000f, 0.000000f, 1.000000f, 0.000000f)
    place "heaven/meshes/environment/fir_1.mesh" n109
    ()

let heaven_nodes_fir2 place (parent: Matrix34) =
    let n111 = parent * Matrix34.Identity
    let n112 = n111 * Matrix34(1.000000f, 0.000000f, 0.000000f, 0.000000f, 0.000000f, 1.000000f, 0.000000f, 0.000000f, 0.000000f, 0.000000f, 1.000000f, 0.000000f)
    place "heaven/meshes/environment/fir_2.mesh" n112
    ()

let heaven_nodes_fir3 place (parent: Matrix34) =
    let n114 = parent * Matrix34.Identity
    let n115 = n114 * Matrix34(1.000000f, 0.000000f, 0.000000f, 0.000000f, 0.000000f, 1.000000f, 0.000000f, 0.000000f, 0.000000f, 0.000000f, 1.000000f, 0.000000f)
    place "heaven/meshes/environment/fir_3.mesh" n115
    ()

let heaven_nodes_ruins_bridge_pier place (parent: Matrix34) =
    let n142 = parent * Matrix34.Identity
    let n143 = n142 * Matrix34(1.000000f, 0.000000f, 0.000000f, -0.000032f, 0.000000f, 1.000000f, 0.000000f, -0.000046f, 0.000000f, 0.000000f, 1.000000f, -0.000017f)
    place "heaven/meshes/ruins/bridge_pier.mesh" n143
    ()

let heaven_nodes_ruins_bridge_part_pier place (parent: Matrix34) =
    let n145 = parent * Matrix34.Identity
    let n146 = n145 * Matrix34(0.999998f, 0.000000f, 0.000000f, 0.000042f, 0.000000f, 0.999998f, 0.000000f, -0.000065f, 0.000000f, 0.000000f, 1.000000f, -0.000004f)
    place "heaven/meshes/ruins/bridge_part_pier.mesh" n146
    let n147 = n146 * Matrix34(1.000000f, 0.000000f, 0.000000f, 0.000000f, 0.000000f, 1.000000f, 0.000000f, 0.000000f, 0.000000f, 0.000000f, 1.000000f, 0.000000f)
    let n148 = n147 * Matrix34(1.000000f, 0.000000f, 0.000000f, 2.407890f, 0.000000f, 1.000000f, 0.000000f, -0.961409f, 0.000000f, 0.000000f, 1.000000f, 2.680230f)
    let n149 = n147 * Matrix34(1.000000f, 0.000000f, 0.000000f, 2.407890f, 0.000000f, 1.000000f, 0.000000f, -0.961407f, 0.000000f, 0.000000f, 1.000000f, 2.680230f)
    let n150 = n149 * Matrix34(-0.934857f, -0.355025f, 0.000000f, -0.000004f, 0.355025f, -0.934857f, 0.000000f, 0.000000f, 0.000000f, 0.000000f, 1.000000f, -0.050000f)
    heaven_nodes_flies place n150
    ()

let heaven_nodes_ruins_building_foundation place (parent: Matrix34) =
    let n154 = parent * Matrix34.Identity
    let n155 = n154 * Matrix34(1.000000f, 0.000000f, 0.000000f, -0.000267f, 0.000000f, 1.000000f, 0.000000f, -0.001371f, 0.000000f, 0.000000f, 1.000000f, -0.000320f)
    place "heaven/meshes/ruins/building_foundation.mesh" n155
    ()

let heaven_nodes_bench place (parent: Matrix34) =
    let n160 = parent * Matrix34.Identity
    let n161 = n160 * Matrix34(1.000000f, 0.000000f, 0.000000f, 0.000000f, 0.000000f, 1.000000f, 0.000000f, 0.000000f, 0.000000f, 0.000000f, 1.000000f, 0.000000f)
    place "heaven/meshes/buildings/bench.mesh" n161
    ()

let heaven_nodes_lamp_post place (parent: Matrix34) =
    let n170 = parent * Matrix34.Identity
    let n171 = n170 * Matrix34(0.999993f, 0.000001f, 0.000000f, 0.000094f, 0.000000f, 1.000000f, 0.000000f, 0.000059f, 0.000000f, 0.000000f, 1.000000f, 0.000212f)
    place "heaven/meshes/buildings/lamp_post.mesh" n171
    let n172 = n171 * Matrix34(1.000000f, 0.000000f, 0.000000f, -0.680388f, 0.000000f, 1.000000f, 0.000000f, 0.514294f, 0.000000f, 0.000000f, 1.000000f, -1.060720f)
    let n173 = n172 * Matrix34(1.000000f, 0.000000f, 0.000000f, 0.654625f, 0.000000f, 1.000000f, 0.000000f, -1.473870f, 0.000000f, 0.000000f, 1.000000f, 5.544990f)
    let n174 = n172 * Matrix34(1.000000f, 0.000000f, 0.000000f, 0.654624f, 0.000000f, 1.000000f, 0.000000f, -1.473870f, 0.000000f, 0.000000f, 1.000000f, 5.545000f)
    let n175 = n174 * Matrix34(0.667534f, -0.744579f, 0.000000f, 0.000004f, 0.744579f, 0.667534f, 0.000000f, 0.000000f, 0.000000f, 0.000000f, 1.000000f, -0.050003f)
    heaven_nodes_flies place n175
    ()

let heaven_nodes_smoke place (parent: Matrix34) =
    let n183 = parent * Matrix34.Identity
    let n184 = n183 * Matrix34(0.999694f, 0.000000f, 0.000000f, 0.000000f, 0.000000f, 0.999694f, 0.000000f, 0.000000f, 0.000000f, 0.000000f, 0.999694f, 0.000000f)
    let n185 = n184 * Matrix34(-0.857097f, -0.514991f, 0.000000f, -26.184000f, 0.514991f, -0.857097f, 0.000000f, 2.191890f, 0.000000f, 0.000000f, 0.999938f, 32.709700f)
    let n186 = n185 * Matrix34(1.000000f, 0.000000f, 0.000000f, -0.302467f, 0.000000f, 1.000000f, 0.000000f, -0.277451f, 0.000000f, 0.000000f, 1.000000f, 0.374935f)
    let n187 = n184 * Matrix34(-0.857103f, -0.514995f, 0.000000f, -22.890600f, 0.514995f, -0.857103f, 0.000000f, 9.616020f, 0.000000f, 0.000000f, 0.999945f, 33.017600f)
    let n188 = n187 * Matrix34(1.000010f, 0.000000f, 0.000000f, -0.302465f, 0.000000f, 1.000010f, 0.000000f, -0.277453f, 0.000000f, 0.000000f, 1.000010f, 0.084248f)
    let n189 = n184 * Matrix34(-0.857100f, -0.514993f, 0.000000f, 22.205300f, 0.514993f, -0.857100f, 0.000000f, -17.238400f, 0.000000f, 0.000000f, 0.999943f, 36.834400f)
    let n190 = n184 * Matrix34(-0.857113f, -0.515005f, 0.000000f, 27.988200f, 0.515005f, -0.857113f, 0.000000f, -9.641720f, 0.000000f, 0.000000f, 0.999960f, 34.165300f)
    let n191 = n184 * Matrix34(-0.857125f, -0.515008f, 0.000000f, 13.022900f, 0.515008f, -0.857125f, 0.000000f, 29.070700f, 0.000000f, 0.000000f, 0.999971f, 49.167100f)
    let n192 = n184 * Matrix34(-0.857133f, -0.515013f, 0.000000f, -0.769944f, 0.515013f, -0.857133f, 0.000000f, 48.576900f, 0.000000f, 0.000000f, 0.999981f, 25.210600f)
    let n193 = n184 * Matrix34(-0.857156f, -0.515027f, 0.000000f, -41.648900f, 0.515027f, -0.857156f, 0.000000f, 0.575393f, 0.000000f, 0.000000f, 1.000010f, 22.004800f)
    let n194 = n184 * Matrix34(-0.857129f, -0.515015f, 0.000000f, 15.627000f, 0.515015f, -0.857129f, 0.000000f, 18.956600f, 0.000000f, 0.000000f, 0.999979f, 40.749500f)
    let n195 = n184 * Matrix34(-0.857136f, -0.515019f, 0.000000f, -7.746410f, 0.515019f, -0.857136f, 0.000000f, 27.630100f, 0.000000f, 0.000000f, 0.999988f, 27.657200f)
    let n196 = n184 * Matrix34(-0.857163f, -0.515036f, 0.000000f, -42.482700f, 0.515036f, -0.857163f, 0.000000f, -11.914400f, 0.000000f, 0.000000f, 1.000010f, 18.533200f)
    let n197 = n184 * Matrix34(-0.857117f, -0.515004f, 0.000000f, -17.167500f, 0.515004f, -0.857117f, 0.000000f, -8.880470f, 0.000000f, 0.000000f, 0.999963f, 36.243600f)
    let n198 = n184 * Matrix34(-0.857128f, -0.515010f, 0.000000f, -16.600300f, 0.515010f, -0.857128f, 0.000000f, 25.106100f, 0.000000f, 0.000000f, 0.999976f, 30.483200f)
    let n199 = n184 * Matrix34(-0.857135f, -0.515014f, 0.000000f, -39.831700f, 0.515014f, -0.857135f, 0.000000f, 26.058200f, 0.000000f, 0.000000f, 0.999983f, 25.273600f)
    let n200 = n184 * Matrix34(-0.857106f, -0.514996f, 0.000000f, -42.899100f, 0.514996f, -0.857106f, 0.000000f, 28.840000f, 0.000000f, 0.000000f, 0.999948f, 24.818600f)
    ()

let heaven_nodes_bail place (parent: Matrix34) =
    let n203 = parent * Matrix34.Identity
    let n204 = n203 * Matrix34(1.000000f, 0.000000f, 0.000000f, 0.000042f, 0.000000f, 1.000000f, 0.000000f, 0.000011f, 0.000000f, 0.000000f, 1.000000f, -0.000002f)
    place "heaven/meshes/props/bail.mesh" n204
    ()

let heaven_nodes_barrel place (parent: Matrix34) =
    let n207 = parent * Matrix34.Identity
    let n208 = n207 * Matrix34(0.999999f, 0.000000f, 0.000000f, -0.000021f, 0.000000f, 1.000000f, 0.000000f, -0.000107f, 0.000000f, 0.000000f, 1.000000f, 0.000015f)
    place "heaven/meshes/props/barrel.mesh" n208
    ()

let heaven_nodes_bucket place (parent: Matrix34) =
    let n212 = parent * Matrix34.Identity
    let n213 = n212 * Matrix34(1.000000f, 0.000000f, 0.000000f, 0.000046f, 0.000000f, 1.000000f, 0.000000f, 0.000000f, 0.000000f, 0.000000f, 1.000000f, -0.000006f)
    place "heaven/meshes/props/bucket.mesh" n213
    ()

let heaven_nodes_pier place (parent: Matrix34) =
    let n224 = parent * Matrix34.Identity
    let n225 = n224 * Matrix34(0.999998f, 0.000000f, 0.000000f, 0.000000f, 0.000000f, 0.999998f, 0.000000f, 0.000000f, 0.000000f, 0.000000f, 0.999998f, 0.000000f)
    place "heaven/meshes/buildings/pier.mesh" n225
    ()

let heaven_nodes_port place (parent: Matrix34) =
    let n221 = parent * Matrix34.Identity
    let n222 = n221 * Matrix34(0.999932f, 0.000000f, 0.000000f, 0.000004f, 0.000000f, 0.999932f, 0.000000f, 0.000000f, 0.000000f, 0.000000f, 0.999932f, 0.000000f)
    let n223 = n222 * Matrix34(1.000000f, 0.000000f, 0.000000f, 0.000000f, 0.000000f, 1.000000f, 0.000000f, 0.000000f, 0.000000f, 0.000000f, 1.000000f, 0.000000f)
    heaven_nodes_pier place n223
    let n226 = n222 * Matrix34(0.635884f, -0.771785f, 0.000000f, -56.828800f, 0.771784f, 0.635884f, 0.000000f, 10.067900f, 0.000000f, 0.000000f, 1.000000f, 20.173100f)
    place "heaven/meshes/buildings/angar.mesh" n226
    let n227 = n226 * Matrix34(0.008979f, 0.000000f, -1.000030f, -4.492420f, 1.000020f, 0.000000f, 0.008978f, 1.474690f, 0.000000f, -1.000070f, 0.000000f, -0.245003f)
    let n228 = n222 * Matrix34(-0.329749f, 0.944069f, 0.000000f, -44.846500f, -0.944069f, -0.329749f, 0.000000f, 28.698700f, 0.000000f, 0.000000f, 1.000000f, 24.026300f)
    place "heaven/meshes/buildings/port.mesh" n228
    let n229 = n228 * Matrix34(-0.923053f, -0.384672f, 0.000000f, 3.451120f, 0.384672f, -0.923053f, 0.000000f, -1.502960f, 0.000000f, 0.000000f, 1.000000f, -4.385920f)
    let n230 = n229 * Matrix34(0.667532f, 0.744579f, 0.000000f, -2.218530f, -0.744579f, 0.667532f, 0.000000f, -2.860050f, 0.000000f, 0.000000f, 0.999998f, 1.032050f)
    let n231 = n229 * Matrix34(0.667532f, 0.744579f, 0.000000f, -2.218540f, -0.744579f, 0.667532f, 0.000000f, -2.860050f, 0.000000f, 0.000000f, 0.999998f, 1.032050f)
    let n232 = n231 * Matrix34(0.667534f, -0.744579f, 0.000000f, 0.000004f, 0.744579f, 0.667534f, 0.000000f, 0.000000f, 0.000000f, 0.000000f, 1.000000f, -0.050003f)
    heaven_nodes_flies place n232
    let n233 = n228 * Matrix34(-0.329751f, -0.944074f, 0.000000f, -1.039480f, 0.944074f, -0.329751f, 0.000000f, 1.791260f, 0.000000f, 0.000000f, 1.000010f, 0.251167f)
    place "heaven/meshes/buildings/port_propeller.smesh" n233
    let n234 = n222 * Matrix34(1.109000f, -0.458388f, 0.000000f, -55.768700f, 0.458388f, 1.109000f, 0.000000f, 25.383800f, 0.000000f, 0.000000f, 1.200000f, 19.868000f)
    place "heaven/meshes/buildings/crane.mesh" n234
    ()

let heaven_nodes_fly_island2 place (parent: Matrix34) =
    let n238 = parent * Matrix34.Identity
    let n239 = n238 * Matrix34(1.000000f, 0.000000f, 0.000000f, 0.000031f, 0.000000f, 1.000000f, 0.000000f, 0.000000f, 0.000000f, 0.000000f, 0.999959f, 0.000001f)
    place "heaven/meshes/environment/fly_island2.mesh" n239
    let n240 = n239 * Matrix34(1.000000f, 0.000000f, 0.000000f, -20.505400f, 0.000000f, 1.000000f, 0.000000f, -20.981500f, 0.000000f, 0.000000f, 1.000040f, 0.000002f)
    let n241 = n239 * Matrix34(1.000000f, 0.000000f, 0.000000f, -20.505400f, 0.000000f, 1.000000f, 0.000000f, -20.981500f, 0.000000f, 0.000000f, 1.000040f, 0.000002f)
    ()

let heaven_nodes_fort place (parent: Matrix34) =
    let n287 = parent * Matrix34.Identity
    let n288 = n287 * Matrix34(1.000000f, 0.000000f, 0.000000f, -0.021973f, 0.000000f, 1.000000f, 0.000000f, -0.000759f, 0.000000f, 0.000000f, 1.000000f, -0.000080f)
    place "heaven/meshes/buildings/fort.mesh" n288
    ()

let heaven_nodes_flag place (parent: Matrix34) =
    let n290 = parent * Matrix34.Identity
    let n291 = n290 * Matrix34(1.000000f, 0.000000f, 0.000000f, -0.000001f, 0.000000f, 1.000000f, 0.000000f, 0.000004f, 0.000000f, 0.000000f, 1.000000f, 0.000000f)
    let n292 = n291 * Matrix34(0.999956f, 0.000000f, 0.000000f, -0.030435f, 0.000000f, 0.999956f, 0.000000f, 0.007446f, 0.000000f, 0.000000f, 0.999956f, 0.180455f)
    let n293 = n291 * Matrix34(1.000000f, 0.000000f, 0.000000f, -0.000001f, 0.000000f, 1.000000f, 0.000000f, 0.000008f, 0.000000f, 0.000000f, 1.000000f, -0.000001f)
    let n294 = n293 * Matrix34(1.000000f, 0.000000f, 0.000000f, -0.000015f, 0.000000f, 1.000000f, 0.000000f, 0.000004f, 0.000000f, 0.000000f, 1.000000f, 0.000004f)
    ()

let heaven_nodes_torch place (parent: Matrix34) =
    let n296 = parent * Matrix34.Identity
    let n297 = n296 * Matrix34(1.100000f, 0.000006f, 0.000000f, -0.000097f, -0.000006f, 1.100000f, 0.000000f, 0.031677f, 0.000000f, 0.000000f, 1.100000f, 0.242981f)
    place "heaven/meshes/props/torch.mesh" n297
    ()

let heaven_nodes_cannon place (parent: Matrix34) =
    let n302 = parent * Matrix34.Identity
    let n303 = n302 * Matrix34(1.000000f, 0.000000f, 0.000000f, 0.000580f, 0.000000f, 1.000000f, 0.000000f, 0.000832f, 0.000000f, 0.000000f, 0.999998f, 0.000126f)
    place "heaven/meshes/props/cannon.mesh" n303
    ()

let heaven_nodes_cannon_balls place (parent: Matrix34) =
    let n354 = parent * Matrix34.Identity
    let n355 = n354 * Matrix34(1.000000f, 0.000000f, 0.000000f, 0.000000f, 0.000000f, 1.000000f, 0.000000f, 0.000000f, 0.000000f, 0.000000f, 1.000000f, -0.000002f)
    place "heaven/meshes/props/cannon_balls0.mesh" n355
    ()

let heaven_nodes_cannon_balls1 place (parent: Matrix34) =
    let n363 = parent * Matrix34.Identity
    let n364 = n363 * Matrix34(1.000000f, 0.000000f, 0.000000f, 0.000185f, 0.000000f, 1.000000f, 0.000000f, 0.000015f, 0.000000f, 0.000000f, 1.000000f, 0.000105f)
    place "heaven/meshes/props/cannon_balls1.mesh" n364
    ()

let heaven_nodes_torch_light place (parent: Matrix34) =
    let n392 = parent * Matrix34.Identity
    let n393 = n392 * Matrix34(1.000000f, 0.000000f, 0.000000f, 0.000000f, 0.000000f, 1.000000f, 0.000000f, 0.000000f, 0.000000f, 0.000000f, 1.000000f, 0.000000f)
    place "heaven/meshes/props/torch.mesh" n393
    let n394 = n393 * Matrix34(-0.528260f, 0.849082f, 0.000000f, -0.015238f, -0.849082f, -0.528260f, 0.000000f, -0.009766f, 0.000000f, 0.000000f, 0.999995f, -0.273870f)
    let n395 = n394 * Matrix34(1.000000f, 0.000000f, 0.000000f, 0.538998f, 0.000000f, 1.000000f, 0.000000f, 0.357071f, 0.000000f, 0.000000f, 1.000000f, 1.028690f)
    let n396 = n395 * Matrix34(1.000000f, 0.000000f, 0.000000f, 0.022954f, 0.000000f, 1.000000f, 0.000000f, -0.000070f, 0.000000f, 0.000000f, 1.000000f, 0.008092f)
    let n397 = n394 * Matrix34(-0.528259f, -0.849081f, 0.000000f, 0.402405f, 0.849081f, -0.528259f, 0.000000f, 0.261473f, 0.000000f, 0.000000f, 1.000000f, 1.107260f)
    let n398 = n397 * Matrix34(1.000000f, 0.000000f, 0.000000f, 0.000011f, 0.000000f, 1.000000f, 0.000000f, 0.000000f, 0.000000f, 0.000000f, 1.000000f, -0.000002f)
    let n399 = n397 * Matrix34(1.000000f, 0.000000f, 0.000000f, 0.000011f, 0.000000f, 1.000000f, 0.000000f, 0.000015f, 0.000000f, 0.000000f, 1.000000f, -0.000008f)
    let n400 = n397 * Matrix34(1.000000f, 0.000000f, 0.000000f, 0.000336f, 0.000000f, 1.000000f, 0.000000f, 0.000580f, 0.000000f, 0.000000f, 1.000000f, -0.005861f)
    ()

let heaven_nodes_stone4 place (parent: Matrix34) =
    let n412 = parent * Matrix34.Identity
    let n413 = n412 * Matrix34(1.000000f, 0.000000f, 0.000000f, 0.000000f, 0.000000f, 1.000000f, 0.000000f, 0.000000f, 0.000000f, 0.000000f, 1.000000f, 0.000000f)
    place "heaven/meshes/environment/stone4.mesh" n413
    ()

let heaven_nodes_stone2 place (parent: Matrix34) =
    let n416 = parent * Matrix34.Identity
    let n417 = n416 * Matrix34(1.000000f, 0.000000f, 0.000000f, 0.000000f, 0.000000f, 1.000000f, 0.000000f, 0.000000f, 0.000000f, 0.000000f, 1.000000f, 0.000000f)
    place "heaven/meshes/environment/stone2.mesh" n417
    ()

let heaven_nodes_stone3 place (parent: Matrix34) =
    let n420 = parent * Matrix34.Identity
    let n421 = n420 * Matrix34(1.000000f, 0.000000f, 0.000000f, 0.000000f, 0.000000f, 1.000000f, 0.000000f, 0.000000f, 0.000000f, 0.000000f, 1.000000f, 0.000000f)
    place "heaven/meshes/environment/stone3.mesh" n421
    ()

let heaven_nodes_stone1 place (parent: Matrix34) =
    let n424 = parent * Matrix34.Identity
    let n425 = n424 * Matrix34(1.000000f, 0.000000f, 0.000000f, 0.000000f, 0.000000f, 1.000000f, 0.000000f, 0.000000f, 0.000000f, 0.000000f, 1.000000f, 0.000000f)
    place "heaven/meshes/environment/stone1.mesh" n425
    ()

let heaven_nodes_stone5 place (parent: Matrix34) =
    let n428 = parent * Matrix34.Identity
    let n429 = n428 * Matrix34(1.000000f, 0.000000f, 0.000000f, 0.000000f, 0.000000f, 1.000000f, 0.000000f, 0.000000f, 0.000000f, 0.000000f, 1.000000f, 0.000000f)
    place "heaven/meshes/environment/stone5.mesh" n429
    ()

let heaven_nodes_generator place (parent: Matrix34) =
    let n473 = parent * Matrix34.Identity
    let n474 = n473 * Matrix34(1.000000f, 0.000000f, 0.000000f, -0.000013f, 0.000000f, 1.000000f, 0.000000f, -0.000023f, 0.000000f, 0.000000f, 1.000000f, -0.000245f)
    place "heaven/meshes/airship/airship_generator.mesh" n474
    ()

let heaven_nodes_steam_boiler place (parent: Matrix34) =
    let n476 = parent * Matrix34.Identity
    let n477 = n476 * Matrix34(1.000000f, 0.000000f, 0.000000f, -0.000012f, 0.000000f, 1.000000f, 0.000000f, 0.000000f, 0.000000f, 0.000000f, 1.000000f, -0.000173f)
    place "heaven/meshes/airship/airship_steam_boiler.mesh" n477
    ()

let heaven_nodes_airship_wheel place (parent: Matrix34) =
    let n479 = parent * Matrix34.Identity
    let n480 = n479 * Matrix34(1.000000f, 0.000000f, 0.000000f, -0.000039f, 0.000000f, 1.000000f, 0.000000f, -0.000153f, 0.000000f, 0.000000f, 1.000000f, 0.000007f)
    place "heaven/meshes/airship/airship_wheel.mesh" n480
    ()

let heaven_nodes_engine place (parent: Matrix34) =
    let n483 = parent * Matrix34.Identity
    let n484 = n483 * Matrix34(1.000000f, 0.000000f, 0.000000f, -0.000020f, 0.000000f, 1.000000f, 0.000000f, -0.000008f, 0.000000f, 0.000000f, 1.000000f, 0.000099f)
    place "heaven/meshes/airship/airship_engine.mesh" n484
    ()

let heaven_nodes_sack place (parent: Matrix34) =
    let n502 = parent * Matrix34.Identity
    let n503 = n502 * Matrix34(1.000000f, 0.000000f, 0.000000f, 0.000000f, 0.000000f, 1.000000f, 0.000000f, 0.000000f, 0.000000f, 0.000000f, 1.000000f, 0.000000f)
    place "heaven/meshes/props/sack.mesh" n503
    ()

let heaven_nodes_airship place (parent: Matrix34) =
    let n469 = parent * Matrix34.Identity
    let n470 = n469 * Matrix34(1.000000f, 0.000000f, 0.000000f, 0.000003f, 0.000000f, 1.000000f, 0.000000f, 0.000000f, 0.000000f, 0.000000f, 1.000000f, 0.009484f)
    place "heaven/meshes/airship/airship.mesh" n470
    let n471 = n470 * Matrix34(1.000000f, 0.000000f, 0.000000f, -0.000006f, 0.000000f, 1.000000f, 0.000000f, 0.000008f, 0.000000f, 0.000000f, 1.000000f, 0.000000f)
    place "heaven/meshes/airship/airship_balloon.mesh" n471
    let n472 = n470 * Matrix34(1.000000f, 0.000000f, 0.000000f, 0.000010f, 0.000000f, 1.000000f, 0.000000f, 0.000015f, 0.000000f, 0.000000f, 1.000000f, -0.000002f)
    heaven_nodes_generator place n472
    let n475 = n470 * Matrix34(1.000000f, 0.000000f, 0.000000f, -0.000002f, 0.000000f, 1.000000f, 0.000000f, 0.000000f, 0.000000f, 0.000000f, 1.000000f, -0.000001f)
    heaven_nodes_steam_boiler place n475
    let n478 = n470 * Matrix34(1.000000f, 0.000000f, 0.000000f, -0.000002f, 0.000000f, 1.000000f, 0.000000f, 0.000000f, 0.000000f, 0.000000f, 1.000000f, -0.000002f)
    heaven_nodes_airship_wheel place n478
    let n481 = n470 * Matrix34(1.000000f, 0.000000f, 0.000000f, 0.000010f, 0.000000f, 1.000000f, 0.000000f, 0.000000f, 0.000000f, 0.000000f, 1.000000f, -0.000001f)
    place "heaven/meshes/airship/airship_rigging.mesh" n481
    let n482 = n470 * Matrix34(1.000000f, 0.000000f, 0.000000f, 0.000010f, 0.000000f, 1.000000f, 0.000000f, 0.000015f, 0.000000f, 0.000000f, 1.000000f, -0.000001f)
    heaven_nodes_engine place n482
    let n485 = n470 * Matrix34(1.000000f, 0.000000f, 0.000000f, -0.000002f, 0.000000f, 1.000000f, 0.000000f, 0.000000f, 0.000000f, 0.000000f, 1.000000f, -0.000002f)
    place "heaven/meshes/airship/airship_metal3.mesh" n485
    let n486 = n470 * Matrix34(1.000000f, 0.000000f, 0.000000f, -0.000002f, 0.000000f, 1.000000f, 0.000000f, 0.000000f, 0.000000f, 0.000000f, 1.000000f, -0.000002f)
    place "heaven/meshes/airship/airship_cannons.mesh" n486
    let n487 = n470 * Matrix34(1.000000f, 0.000000f, 0.000000f, 0.000006f, 0.000000f, 1.000000f, 0.000000f, 0.000000f, 0.000000f, 0.000000f, 1.000000f, -0.000001f)
    place "heaven/meshes/airship/airship_door.mesh" n487
    let n488 = n470 * Matrix34(1.000000f, 0.000000f, 0.000000f, -0.000001f, 0.000000f, 1.000000f, 0.000000f, 0.000008f, 0.000000f, 0.000000f, 1.000000f, -0.000001f)
    let n489 = n488 * Matrix34(0.485889f, 0.635540f, 0.000000f, -7.134480f, -0.635540f, 0.485889f, 0.000000f, -0.401726f, 0.000000f, 0.000000f, 0.800000f, 1.824850f)
    heaven_nodes_bucket place n489
    let n490 = n488 * Matrix34(0.485889f, 0.635540f, 0.000000f, -8.233870f, -0.635540f, 0.485889f, 0.000000f, -0.293373f, 0.000000f, 0.000000f, 0.800000f, 1.933510f)
    heaven_nodes_barrel place n490
    let n491 = n488 * Matrix34(0.425153f, -0.016208f, 0.555862f, -8.242760f, -0.556098f, -0.012392f, 0.424973f, 0.209961f, 0.000000f, -0.699702f, -0.020402f, 2.240190f)
    heaven_nodes_barrel place n491
    let n492 = n488 * Matrix34(0.364417f, 0.476655f, 0.000000f, -7.600120f, -0.476655f, 0.364417f, 0.000000f, -0.540024f, 0.000000f, 0.000000f, 0.600000f, 1.932910f)
    heaven_nodes_barrel place n492
    let n493 = n488 * Matrix34(0.670827f, -0.199978f, 0.000000f, -7.006360f, 0.199978f, 0.670827f, 0.000000f, -0.888069f, 0.000000f, 0.000000f, 0.700000f, 1.932960f)
    heaven_nodes_barrel place n493
    let n494 = n488 * Matrix34(0.425153f, 0.556098f, 0.000000f, -3.820640f, -0.556098f, 0.425153f, 0.000000f, 0.866066f, 0.000000f, 0.000000f, 0.700000f, 1.831930f)
    heaven_nodes_barrel place n494
    let n495 = n488 * Matrix34(-0.522588f, 0.465727f, 0.000000f, -4.342860f, -0.465727f, -0.522588f, 0.000000f, 0.719269f, 0.000000f, 0.000000f, 0.700000f, 1.824920f)
    heaven_nodes_bucket place n495
    let n496 = n488 * Matrix34(-0.014972f, 0.034549f, -0.598818f, -3.741080f, -0.599192f, 0.026407f, 0.016505f, -0.821381f, 0.027306f, 0.598422f, 0.033843f, 2.048560f)
    heaven_nodes_barrel place n496
    let n497 = n488 * Matrix34(0.600000f, 0.000000f, 0.000000f, -3.661410f, 0.000000f, 0.600000f, 0.000000f, -1.352140f, 0.000000f, 0.000000f, 0.600000f, 1.770670f)
    heaven_nodes_barrel place n497
    let n498 = n488 * Matrix34(-0.498363f, 0.040430f, 0.000000f, -7.531300f, -0.040430f, -0.498363f, 0.000000f, -0.600189f, 0.000000f, 0.000000f, 0.500000f, 2.537990f)
    heaven_nodes_barrel place n498
    let n499 = n488 * Matrix34(-0.498363f, 0.040430f, 0.000000f, -7.211130f, -0.040430f, -0.498363f, 0.000000f, 0.944847f, 0.000000f, 0.000000f, 0.500000f, 1.899740f)
    heaven_nodes_barrel place n499
    let n500 = n488 * Matrix34(-0.103167f, -0.074947f, 0.688287f, -7.781020f, -0.689002f, -0.057299f, -0.109513f, -0.027390f, 0.068066f, -0.693613f, -0.065325f, 2.107450f)
    heaven_nodes_bucket place n500
    let n501 = n488 * Matrix34(0.303681f, 0.000000f, -0.397213f, -3.449620f, -0.397213f, 0.000000f, -0.303681f, 1.294590f, 0.000000f, 0.500000f, 0.000000f, 2.557040f)
    heaven_nodes_sack place n501
    let n504 = n488 * Matrix34(0.500000f, 0.000000f, 0.000000f, -3.354630f, 0.000000f, 0.000000f, -0.500000f, 1.693230f, 0.000000f, 0.500000f, 0.000000f, 2.556940f)
    heaven_nodes_sack place n504
    let n505 = n488 * Matrix34(0.307831f, 0.000000f, -0.394006f, -3.137440f, -0.394006f, 0.000000f, -0.307831f, 2.553530f, 0.000000f, 0.500000f, 0.000000f, 2.510710f)
    heaven_nodes_sack place n505
    let n506 = n488 * Matrix34(0.269385f, 0.000000f, 0.421227f, -3.500990f, 0.421227f, 0.000000f, -0.269385f, -0.965988f, 0.000000f, 0.500000f, 0.000000f, 2.556950f)
    heaven_nodes_sack place n506
    let n507 = n488 * Matrix34(-0.086824f, 0.000000f, -0.492404f, -3.302000f, -0.492404f, 0.000000f, 0.086824f, -1.684020f, 0.000000f, 0.500000f, 0.000000f, 2.557000f)
    heaven_nodes_sack place n507
    let n508 = n488 * Matrix34(-0.084868f, -0.018325f, -0.492404f, -3.455910f, -0.481312f, -0.103925f, 0.086824f, -2.556760f, -0.105528f, 0.488737f, 0.000000f, 2.555810f)
    heaven_nodes_sack place n508
    let n509 = n470 * Matrix34(0.000000f, 0.400000f, 0.000000f, 0.675070f, -0.400000f, 0.000000f, 0.000000f, -1.559160f, 0.000000f, 0.000000f, 0.400000f, 3.224910f)
    place "heaven/meshes/buildings/lamp_post.mesh" n509
    let n510 = n509 * Matrix34(1.000000f, 0.000000f, 0.000000f, -0.680388f, 0.000000f, 1.000000f, 0.000000f, 0.514294f, 0.000000f, 0.000000f, 1.000000f, -1.060720f)
    let n511 = n510 * Matrix34(1.000000f, 0.000000f, 0.000000f, 0.654602f, 0.000000f, 1.000000f, 0.000000f, -1.473850f, 0.000000f, 0.000000f, 1.000000f, 5.545000f)
    let n512 = n511 * Matrix34(0.667534f, -0.744579f, 0.000000f, 0.000004f, 0.744579f, 0.667534f, 0.000000f, 0.000000f, 0.000000f, 0.000000f, 1.000000f, -0.050003f)
    heaven_nodes_flies place n512
    let n513 = n510 * Matrix34(2.500000f, -0.000008f, 0.000000f, 0.655289f, 0.000008f, 2.500000f, 0.000000f, -1.474120f, 0.000000f, 0.000000f, 2.500000f, 5.544780f)
    let n514 = n470 * Matrix34(0.000000f, -0.400000f, 0.000000f, -6.620700f, 0.400000f, 0.000000f, 0.000000f, 0.003578f, 0.000000f, 0.000000f, 0.400000f, 1.327830f)
    place "heaven/meshes/buildings/lamp_post.mesh" n514
    let n515 = n514 * Matrix34(1.000000f, 0.000000f, 0.000000f, -0.680388f, 0.000000f, 1.000000f, 0.000000f, 0.514294f, 0.000000f, 0.000000f, 1.000000f, -1.060720f)
    let n516 = n515 * Matrix34(1.000000f, 0.000000f, 0.000000f, 0.654617f, 0.000000f, 1.000000f, 0.000000f, -1.473840f, 0.000000f, 0.000000f, 1.000000f, 5.544990f)
    let n517 = n516 * Matrix34(0.667534f, -0.744579f, 0.000000f, 0.000004f, 0.744579f, 0.667534f, 0.000000f, 0.000000f, 0.000000f, 0.000000f, 1.000000f, -0.050003f)
    heaven_nodes_flies place n517
    let n518 = n515 * Matrix34(2.500000f, -0.000007f, 0.000000f, 0.654495f, 0.000007f, 2.500000f, 0.000000f, -1.474550f, 0.000000f, 0.000000f, 2.500000f, 5.544960f)
    ()

let heaven_heaven place (parent: Matrix34) =
    let n1 = parent * Matrix34.Identity
    let n2 = n1 * Matrix34(0.683430f, -0.537189f, 0.494320f, 0.000000f, -0.435267f, -0.843462f, -0.314825f, 0.000000f, 0.586060f, 0.000000f, -0.810267f, 0.000000f)
    let n3 = n1 * Matrix34(1.000000f, 0.000000f, 0.000000f, 0.000000f, 0.000000f, 1.000000f, 0.000000f, 0.000000f, 0.000000f, 0.000000f, 1.000000f, -1000.000000f)
    let n4 = n1 * Matrix34(1.000000f, 0.000000f, 0.000000f, 0.000000f, 0.000000f, 1.000000f, 0.000000f, 0.000000f, 0.000000f, 0.000000f, 1.000000f, 0.000000f)
    place "heaven/meshes/environment/fly_island1.mesh" n4
    let n5 = n4 * Matrix34(1.000000f, 0.000000f, 0.000000f, 0.000000f, 0.000000f, 1.000000f, 0.000000f, 0.000000f, 0.000000f, 0.000000f, 1.000000f, 0.000000f)
    place "heaven/meshes/environment/fly_island1_cap.mesh" n5
    let n6 = n4 * Matrix34(1.000000f, 0.000000f, 0.000000f, -55.281200f, 0.000000f, 1.000000f, 0.000000f, -94.737200f, 0.000000f, 0.000000f, 1.000000f, 20.644300f)
    let n7 = n4 * Matrix34(1.000000f, 0.000000f, 0.000000f, -55.281200f, 0.000000f, 1.000000f, 0.000000f, -94.737200f, 0.000000f, 0.000000f, 1.000000f, 20.644300f)
    let n8 = n4 * Matrix34(1.000000f, 0.000000f, 0.000000f, 6.041880f, 0.000000f, 1.000000f, 0.000000f, -6.812850f, 0.000000f, 0.000000f, 1.000000f, 23.976600f)
    heaven_nodes_dragon place n8
