module Scene

let heaven_nodes_dragon place (parent: Matrix34) =
    let n9 = parent * Matrix34.Identity
    let n10 = n9 * Matrix34(0.999987f, 0.000000f, 0.000000f, -0.000004f, 0.000000f, 0.999987f, 0.000000f, 0.000002f, 0.000000f, 0.000000f, 0.999987f, -0.000017f)
    place "heaven/meshes/buildings/dragon.mesh" n10
    ()

let heaven_nodes_flies place (parent: Matrix34) =
    let n20 = parent * Matrix34.Identity
    let n21 = n20 * Matrix34(1.000000f, 0.000000f, 0.000000f, -0.000001f, 0.000000f, 1.000000f, 0.000000f, 0.000004f, 0.000000f, 0.000000f, 1.000000f, 0.000000f)
    ()

let heaven_nodes_house1 place (parent: Matrix34) =
    let n14 = parent * Matrix34.Identity
    let n15 = n14 * Matrix34(1.000000f, 0.000000f, 0.000000f, 0.000000f, 0.000000f, 1.000000f, 0.000000f, -0.000011f, 0.000000f, 0.000000f, 1.000000f, -0.000418f)
    place "heaven/meshes/buildings/house1.mesh" n15
    let n16 = n15 * Matrix34(0.667533f, -0.744580f, 0.000000f, 2.871090f, 0.744580f, 0.667533f, 0.000000f, 1.558200f, 0.000000f, 0.000000f, 1.000000f, 1.851740f)
    let n17 = n16 * Matrix34(0.667532f, 0.744579f, 0.000000f, -2.218530f, -0.744579f, 0.667532f, 0.000000f, -2.860050f, 0.000000f, 0.000000f, 0.999998f, 1.032050f)
    let n18 = n16 * Matrix34(0.667532f, 0.744579f, 0.000000f, -2.218540f, -0.744579f, 0.667532f, 0.000000f, -2.860050f, 0.000000f, 0.000000f, 0.999998f, 1.032050f)
    let n19 = n18 * Matrix34(0.667534f, -0.744579f, 0.000000f, 0.000004f, 0.744579f, 0.667534f, 0.000000f, 0.000000f, 0.000000f, 0.000000f, 1.000000f, -0.050003f)
    heaven_nodes_flies place n19
    ()

let heaven_nodes_house2 place (parent: Matrix34) =
    let n24 = parent * Matrix34.Identity
    let n25 = n24 * Matrix34(1.000000f, 0.000000f, 0.000000f, 0.000306f, 0.000000f, 1.000000f, 0.000000f, -0.000031f, 0.000000f, 0.000000f, 1.000000f, -0.000219f)
    place "heaven/meshes/buildings/house2.mesh" n25
    let n26 = n25 * Matrix34(0.667534f, -0.744579f, 0.000000f, 0.000001f, 0.744579f, 0.667534f, 0.000000f, 0.000002f, 0.000000f, 0.000000f, 1.000000f, 0.000000f)
    let n27 = n26 * Matrix34(0.667532f, 0.744579f, 0.000000f, 3.730770f, -0.744579f, 0.667532f, 0.000000f, 1.973180f, 0.000000f, 0.000000f, 0.999998f, 2.970110f)
    let n28 = n26 * Matrix34(0.667532f, 0.744579f, 0.000000f, 3.730770f, -0.744579f, 0.667532f, 0.000000f, 1.973180f, 0.000000f, 0.000000f, 0.999998f, 2.970120f)
    let n29 = n28 * Matrix34(0.667534f, -0.744579f, 0.000000f, 0.000004f, 0.744579f, 0.667534f, 0.000000f, 0.000000f, 0.000000f, 0.000000f, 1.000000f, -0.050003f)
    heaven_nodes_flies place n29
    ()

let heaven_nodes_house3 place (parent: Matrix34) =
    let n37 = parent * Matrix34.Identity
    let n38 = n37 * Matrix34(1.000000f, -0.000002f, 0.000000f, 0.000160f, 0.000003f, 1.000000f, 0.000000f, 0.000141f, 0.000000f, 0.000000f, 1.000010f, 0.000269f)
    place "heaven/meshes/buildings/house3.mesh" n38
    let n39 = n38 * Matrix34(0.667534f, -0.744579f, 0.000000f, 5.395280f, 0.744579f, 0.667534f, 0.000000f, 3.652300f, 0.000000f, 0.000000f, 1.000000f, 2.947740f)
    let n40 = n39 * Matrix34(0.667532f, 0.744579f, 0.000000f, -0.593801f, -0.744579f, 0.667532f, 0.000000f, 0.560905f, 0.000000f, 0.000000f, 0.999998f, -0.022601f)
    let n41 = n39 * Matrix34(0.667532f, 0.744579f, 0.000000f, -0.593806f, -0.744579f, 0.667532f, 0.000000f, 0.560904f, 0.000000f, 0.000000f, 0.999998f, -0.022595f)
    let n42 = n41 * Matrix34(0.667534f, -0.744579f, 0.000000f, 0.000004f, 0.744579f, 0.667534f, 0.000000f, 0.000000f, 0.000000f, 0.000000f, 1.000000f, -0.050003f)
    heaven_nodes_flies place n42
    ()

let heaven_nodes_house5 place (parent: Matrix34) =
    let n44 = parent * Matrix34.Identity
    let n45 = n44 * Matrix34(1.000000f, 0.000000f, 0.000000f, 0.000162f, 0.000000f, 1.000000f, 0.000000f, -0.000082f, 0.000000f, 0.000000f, 0.999971f, -0.001907f)
    place "heaven/meshes/buildings/house5.mesh" n45
    let n46 = n45 * Matrix34(-0.946505f, -0.319974f, 0.041736f, -5.568100f, 0.322149f, -0.944450f, 0.065070f, 0.197800f, 0.018596f, 0.075034f, 0.997001f, 2.990080f)
    let n47 = n46 * Matrix34(0.667532f, 0.744579f, 0.000000f, -3.051260f, -0.744579f, 0.667532f, 0.000000f, -0.698139f, 0.000000f, 0.000000f, 0.999998f, -0.208544f)
    let n48 = n46 * Matrix34(0.667532f, 0.744579f, 0.000000f, -3.051260f, -0.744579f, 0.667532f, 0.000000f, -0.698135f, 0.000000f, 0.000000f, 0.999998f, -0.208538f)
    let n49 = n48 * Matrix34(0.667534f, -0.744579f, 0.000000f, 0.000004f, 0.744579f, 0.667534f, 0.000000f, 0.000000f, 0.000000f, 0.000000f, 1.000000f, -0.050003f)
    heaven_nodes_flies place n49
    ()

let heaven_nodes_flag_small place (parent: Matrix34) =
    let n51 = parent * Matrix34.Identity
    let n52 = n51 * Matrix34(1.000000f, 0.000000f, 0.000000f, 0.000001f, 0.000000f, 1.000000f, 0.000000f, 0.000000f, 0.000000f, 0.000000f, 1.000000f, -0.000001f)
    let n53 = n52 * Matrix34(1.000000f, 0.000000f, 0.000000f, 0.000080f, 0.000000f, 1.000000f, 0.000000f, -0.000023f, 0.000000f, 0.000000f, 1.000000f, -0.000001f)
    let n54 = n52 * Matrix34(1.000000f, 0.000000f, 0.000000f, -0.000001f, 0.000000f, 1.000000f, 0.000000f, 0.000008f, 0.000000f, 0.000000f, 1.000000f, -0.000001f)
    let n55 = n54 * Matrix34(1.000000f, 0.000000f, 0.000000f, -0.000015f, 0.000000f, 1.000000f, 0.000000f, 0.000004f, 0.000000f, 0.000000f, 1.000000f, 0.000004f)
    ()

let heaven_nodes_house6 place (parent: Matrix34) =
    let n58 = parent * Matrix34.Identity
    let n59 = n58 * Matrix34(1.000000f, 0.000000f, 0.000000f, 0.000168f, 0.000000f, 1.000000f, 0.000000f, -0.000053f, 0.000000f, 0.000000f, 1.000000f, 0.000240f)
    place "heaven/meshes/buildings/house6.mesh" n59
    let n60 = n59 * Matrix34(-0.915128f, 0.402724f, 0.018749f, -2.168950f, -0.401740f, -0.914818f, 0.041347f, -4.244380f, 0.033804f, 0.030306f, 0.998966f, 2.919270f)
    let n61 = n60 * Matrix34(0.667532f, 0.744579f, 0.000000f, -5.884020f, -0.744579f, 0.667532f, 0.000000f, 0.113762f, 0.000000f, 0.000000f, 0.999998f, 0.119857f)
    let n62 = n60 * Matrix34(0.667532f, 0.744579f, 0.000000f, -5.884030f, -0.744579f, 0.667532f, 0.000000f, 0.113770f, 0.000000f, 0.000000f, 0.999998f, 0.119863f)
    let n63 = n62 * Matrix34(0.667534f, -0.744579f, 0.000000f, 0.000004f, 0.744579f, 0.667534f, 0.000000f, 0.000000f, 0.000000f, 0.000000f, 1.000000f, -0.050003f)
    heaven_nodes_flies place n63
    ()

let heaven_nodes_mill place (parent: Matrix34) =
    let n66 = parent * Matrix34.Identity
    let n67 = n66 * Matrix34(1.000000f, 0.000000f, 0.000000f, 0.000000f, 0.000000f, 1.000000f, 0.000000f, 0.000000f, 0.000000f, 0.000000f, 1.000000f, 0.001976f)
    place "heaven/meshes/buildings/mill.mesh" n67
    let n68 = n67 * Matrix34(0.667534f, -0.744581f, 0.000000f, -3.906510f, 0.744581f, 0.667534f, 0.000000f, -3.087300f, 0.000000f, 0.000000f, 1.000000f, 1.229120f)
    let n69 = n68 * Matrix34(0.667532f, 0.744579f, 0.000000f, -0.243752f, -0.744579f, 0.667532f, 0.000000f, -3.215910f, 0.000000f, 0.000000f, 0.999998f, 1.009210f)
    let n70 = n68 * Matrix34(0.667532f, 0.744579f, 0.000000f, 0.781677f, -0.744579f, 0.667532f, 0.000000f, -2.307290f, 0.000000f, 0.000000f, 0.999998f, 1.365840f)
    let n71 = n70 * Matrix34(0.667534f, -0.744579f, 0.000000f, 0.000004f, 0.744579f, 0.667534f, 0.000000f, 0.000000f, 0.000000f, 0.000000f, 1.000000f, -0.050003f)
    heaven_nodes_flies place n71
    let n72 = n67 * Matrix34(1.000000f, 0.000000f, 0.000000f, 0.000000f, 0.000000f, 1.000000f, 0.000000f, 0.000008f, 0.000000f, 0.000000f, 1.000000f, 0.000002f)
    place "heaven/meshes/buildings/mill_wings.smesh" n72
    ()

let heaven_nodes_lab place (parent: Matrix34) =
    let n74 = parent * Matrix34.Identity
    let n75 = n74 * Matrix34(1.000000f, 0.000000f, 0.000000f, 0.001352f, 0.000000f, 1.000000f, 0.000000f, 0.000147f, 0.000000f, 0.000000f, 1.000000f, -0.000463f)
    place "heaven/meshes/buildings/lab.mesh" n75
    let n76 = n75 * Matrix34(0.667533f, -0.744580f, 0.000000f, -4.383690f, 0.744580f, 0.667533f, 0.000000f, -3.286390f, 0.000000f, 0.000000f, 1.000000f, 2.531530f)
    let n77 = n76 * Matrix34(0.667532f, 0.744579f, 0.000000f, -0.390209f, -0.744579f, 0.667532f, 0.000000f, -3.244460f, 0.000000f, 0.000000f, 0.999998f, -0.680565f)
    let n78 = n76 * Matrix34(0.667532f, 0.744579f, 0.000000f, 0.604923f, -0.744579f, 0.667532f, 0.000000f, -2.747890f, 0.000000f, 0.000000f, 0.999998f, -0.179463f)
    let n79 = n78 * Matrix34(0.667534f, -0.744579f, 0.000000f, 0.000004f, 0.744579f, 0.667534f, 0.000000f, 0.000000f, 0.000000f, 0.000000f, 1.000000f, -0.050003f)
    heaven_nodes_flies place n79
    let n80 = n76 * Matrix34(0.667532f, 0.744579f, 0.000000f, 5.333820f, -0.744579f, 0.667532f, 0.000000f, -0.673733f, 0.000000f, 0.000000f, 0.999998f, 7.733020f)
    let n81 = n76 * Matrix34(0.667532f, 0.744579f, 0.000000f, 5.316790f, -0.744579f, 0.667532f, 0.000000f, -0.689003f, 0.000000f, 0.000000f, 0.999998f, 8.037960f)
    let n82 = n75 * Matrix34(1.000000f, 0.000000f, 0.000000f, 0.000000f, 0.000000f, 1.000000f, 0.000000f, 0.000000f, 0.000000f, 0.000000f, 1.000000f, 0.000000f)
    place "heaven/meshes/buildings/lab_gears.smesh" n82
    ()

let heaven_nodes_mansion place (parent: Matrix34) =
    let n84 = parent * Matrix34.Identity
    let n85 = n84 * Matrix34(1.000000f, 0.000000f, 0.000000f, 0.000001f, 0.000000f, 1.000000f, 0.000000f, 0.000000f, 0.000000f, 0.000000f, 1.000000f, -0.000002f)
    place "heaven/meshes/buildings/mansion.mesh" n85
    let n86 = n85 * Matrix34(-0.915128f, 0.402724f, 0.018749f, 2.274690f, -0.401740f, -0.914818f, 0.041347f, -4.122890f, 0.033804f, 0.030306f, 0.998966f, 2.943270f)
    let n87 = n86 * Matrix34(0.667532f, 0.744579f, 0.000000f, -5.533530f, -0.744579f, 0.667532f, 0.000000f, -0.044090f, 0.000000f, 0.000000f, 0.999998f, 0.032737f)
    let n88 = n86 * Matrix34(0.667532f, 0.744579f, 0.000000f, -5.533540f, -0.744579f, 0.667532f, 0.000000f, -0.044079f, 0.000000f, 0.000000f, 0.999998f, 0.032737f)
    let n89 = n88 * Matrix34(0.667534f, -0.744579f, 0.000000f, 0.000004f, 0.744579f, 0.667534f, 0.000000f, 0.000000f, 0.000000f, 0.000000f, 1.000000f, -0.050003f)
    heaven_nodes_flies place n89
    let n90 = n86 * Matrix34(0.667532f, 0.744579f, 0.000000f, -4.518220f, -0.744579f, 0.667532f, 0.000000f, -8.973140f, 0.000000f, 0.000000f, 0.999998f, 3.203180f)
    let n91 = n86 * Matrix34(0.667532f, 0.744579f, 0.000000f, -4.518220f, -0.744579f, 0.667532f, 0.000000f, -8.973120f, 0.000000f, 0.000000f, 0.999998f, 3.203190f)
    let n92 = n91 * Matrix34(0.667534f, -0.744579f, 0.000000f, 0.000004f, 0.744579f, 0.667534f, 0.000000f, 0.000000f, 0.000000f, 0.000000f, 1.000000f, -0.050003f)
    heaven_nodes_flies place n92
    let n93 = n86 * Matrix34(0.667532f, 0.744579f, 0.000000f, 5.249870f, -0.744579f, 0.667532f, 0.000000f, -10.943500f, 0.000000f, 0.000000f, 0.999998f, 2.972380f)
    let n94 = n86 * Matrix34(0.667532f, 0.744579f, 0.000000f, 5.249860f, -0.744579f, 0.667532f, 0.000000f, -10.943500f, 0.000000f, 0.000000f, 0.999998f, 2.972390f)
    let n95 = n94 * Matrix34(0.667534f, -0.744579f, 0.000000f, 0.000004f, 0.744579f, 0.667534f, 0.000000f, 0.000000f, 0.000000f, 0.000000f, 1.000000f, -0.050003f)
    heaven_nodes_flies place n95
    ()

let heaven_nodes_weathercocks place (parent: Matrix34) =
    let n98 = parent * Matrix34.Identity
    let n99 = n98 * Matrix34(-0.258841f, -0.756965f, 0.000000f, 11.395900f, 0.756965f, -0.258841f, 0.000000f, 28.320900f, 0.000000f, 0.000000f, 0.799997f, 48.628600f)
    place "heaven/meshes/buildings/weathercock.smesh" n99
    let n100 = n99 * Matrix34(1.249730f, 0.025939f, 0.000000f, -21.416500f, -0.025939f, 1.249730f, 0.000000f, 44.638200f, 0.000000f, 0.000000f, 1.250000f, -21.124300f)
    place "heaven/meshes/buildings/weathercock.smesh" n100
    let n101 = n99 * Matrix34(1.249730f, 0.025939f, 0.000000f, 4.211030f, -0.025939f, 1.249730f, 0.000000f, 36.539100f, 0.000000f, 0.000000f, 1.250000f, -23.343200f)
    place "heaven/meshes/buildings/weathercock.smesh" n101
    let n102 = n99 * Matrix34(1.249740f, 0.025938f, 0.000000f, -54.009800f, -0.025938f, 1.249740f, 0.000000f, 3.280570f, 0.000000f, 0.000000f, 1.250000f, -16.105100f)
    place "heaven/meshes/buildings/weathercock.smesh" n102
    let n103 = n99 * Matrix34(-0.404443f, 1.182760f, 0.000000f, -16.326000f, -1.182760f, -0.404443f, 0.000000f, 0.212465f, 0.000000f, 0.000000f, 1.250000f, -10.637200f)
    place "heaven/meshes/buildings/spire.mesh" n103
    let n104 = n99 * Matrix34(-0.404443f, 1.182760f, 0.000000f, -30.442300f, -1.182760f, -0.404443f, 0.000000f, 49.099300f, 0.000000f, 0.000000f, 1.250000f, -16.936400f)
    place "heaven/meshes/buildings/spire.mesh" n104
    ()

let heaven_nodes_fir1 place (parent: Matrix34) =
    let n108 = parent * Matrix34.Identity
    let n109 = n108 * Matrix34(1.000000f, 0.000000f, 0.000000f, 0.000000f, 0.000000f, 1.000000f, 0.000000f, 0.000000f, 0.000000f, 0.000000f, 1.000000f, 0.000000f)
    place "heaven/meshes/environment/fir_1.mesh" n109
    ()

let heaven_nodes_fir2 place (parent: Matrix34) =
    let n111 = parent * Matrix34.Identity
    let n112 = n111 * Matrix34(1.000000f, 0.000000f, 0.000000f, 0.000000f, 0.000000f, 1.000000f, 0.000000f, 0.000000f, 0.000000f, 0.000000f, 1.000000f, 0.000000f)
    place "heaven/meshes/environment/fir_2.mesh" n112
    ()

let heaven_nodes_fir3 place (parent: Matrix34) =
    let n114 = parent * Matrix34.Identity
    let n115 = n114 * Matrix34(1.000000f, 0.000000f, 0.000000f, 0.000000f, 0.000000f, 1.000000f, 0.000000f, 0.000000f, 0.000000f, 0.000000f, 1.000000f, 0.000000f)
    place "heaven/meshes/environment/fir_3.mesh" n115
    ()

let heaven_nodes_ruins_bridge_pier place (parent: Matrix34) =
    let n142 = parent * Matrix34.Identity
    let n143 = n142 * Matrix34(1.000000f, 0.000000f, 0.000000f, -0.000032f, 0.000000f, 1.000000f, 0.000000f, -0.000046f, 0.000000f, 0.000000f, 1.000000f, -0.000017f)
    place "heaven/meshes/ruins/bridge_pier.mesh" n143
    ()

let heaven_nodes_ruins_bridge_part_pier place (parent: Matrix34) =
    let n145 = parent * Matrix34.Identity
    let n146 = n145 * Matrix34(0.999998f, 0.000000f, 0.000000f, 0.000042f, 0.000000f, 0.999998f, 0.000000f, -0.000065f, 0.000000f, 0.000000f, 1.000000f, -0.000004f)
    place "heaven/meshes/ruins/bridge_part_pier.mesh" n146
    let n147 = n146 * Matrix34(1.000000f, 0.000000f, 0.000000f, 0.000000f, 0.000000f, 1.000000f, 0.000000f, 0.000000f, 0.000000f, 0.000000f, 1.000000f, 0.000000f)
    let n148 = n147 * Matrix34(1.000000f, 0.000000f, 0.000000f, 2.407890f, 0.000000f, 1.000000f, 0.000000f, -0.961409f, 0.000000f, 0.000000f, 1.000000f, 2.680230f)
    let n149 = n147 * Matrix34(1.000000f, 0.000000f, 0.000000f, 2.407890f, 0.000000f, 1.000000f, 0.000000f, -0.961407f, 0.000000f, 0.000000f, 1.000000f, 2.680230f)
    let n150 = n149 * Matrix34(-0.934857f, -0.355025f, 0.000000f, -0.000004f, 0.355025f, -0.934857f, 0.000000f, 0.000000f, 0.000000f, 0.000000f, 1.000000f, -0.050000f)
    heaven_nodes_flies place n150
    ()

let heaven_nodes_ruins_building_foundation place (parent: Matrix34) =
    let n154 = parent * Matrix34.Identity
    let n155 = n154 * Matrix34(1.000000f, 0.000000f, 0.000000f, -0.000267f, 0.000000f, 1.000000f, 0.000000f, -0.001371f, 0.000000f, 0.000000f, 1.000000f, -0.000320f)
    place "heaven/meshes/ruins/building_foundation.mesh" n155
    ()

let heaven_nodes_bench place (parent: Matrix34) =
    let n160 = parent * Matrix34.Identity
    let n161 = n160 * Matrix34(1.000000f, 0.000000f, 0.000000f, 0.000000f, 0.000000f, 1.000000f, 0.000000f, 0.000000f, 0.000000f, 0.000000f, 1.000000f, 0.000000f)
    place "heaven/meshes/buildings/bench.mesh" n161
    ()

let heaven_nodes_lamp_post place (parent: Matrix34) =
    let n170 = parent * Matrix34.Identity
    let n171 = n170 * Matrix34(0.999993f, 0.000001f, 0.000000f, 0.000094f, 0.000000f, 1.000000f, 0.000000f, 0.000059f, 0.000000f, 0.000000f, 1.000000f, 0.000212f)
    place "heaven/meshes/buildings/lamp_post.mesh" n171
    let n172 = n171 * Matrix34(1.000000f, 0.000000f, 0.000000f, -0.680388f, 0.000000f, 1.000000f, 0.000000f, 0.514294f, 0.000000f, 0.000000f, 1.000000f, -1.060720f)
    let n173 = n172 * Matrix34(1.000000f, 0.000000f, 0.000000f, 0.654625f, 0.000000f, 1.000000f, 0.000000f, -1.473870f, 0.000000f, 0.000000f, 1.000000f, 5.544990f)
    let n174 = n172 * Matrix34(1.000000f, 0.000000f, 0.000000f, 0.654624f, 0.000000f, 1.000000f, 0.000000f, -1.473870f, 0.000000f, 0.000000f, 1.000000f, 5.545000f)
    let n175 = n174 * Matrix34(0.667534f, -0.744579f, 0.000000f, 0.000004f, 0.744579f, 0.667534f, 0.000000f, 0.000000f, 0.000000f, 0.000000f, 1.000000f, -0.050003f)
    heaven_nodes_flies place n175
    ()

let heaven_nodes_smoke place (parent: Matrix34) =
    let n183 = parent * Matrix34.Identity
    let n184 = n183 * Matrix34(0.999694f, 0.000000f, 0.000000f, 0.000000f, 0.000000f, 0.999694f, 0.000000f, 0.000000f, 0.000000f, 0.000000f, 0.999694f, 0.000000f)
    let n185 = n184 * Matrix34(-0.857097f, -0.514991f, 0.000000f, -26.184000f, 0.514991f, -0.857097f, 0.000000f, 2.191890f, 0.000000f, 0.000000f, 0.999938f, 32.709700f)
    let n186 = n185 * Matrix34(1.000000f, 0.000000f, 0.000000f, -0.302467f, 0.000000f, 1.000000f, 0.000000f, -0.277451f, 0.000000f, 0.000000f, 1.000000f, 0.374935f)
    let n187 = n184 * Matrix34(-0.857103f, -0.514995f, 0.000000f, -22.890600f, 0.514995f, -0.857103f, 0.000000f, 9.616020f, 0.000000f, 0.000000f, 0.999945f, 33.017600f)
    let n188 = n187 * Matrix34(1.000010f, 0.000000f, 0.000000f, -0.302465f, 0.000000f, 1.000010f, 0.000000f, -0.277453f, 0.000000f, 0.000000f, 1.000010f, 0.084248f)
    let n189 = n184 * Matrix34(-0.857100f, -0.514993f, 0.000000f, 22.205300f, 0.514993f, -0.857100f, 0.000000f, -17.238400f, 0.000000f, 0.000000f, 0.999943f, 36.834400f)
    let n190 = n184 * Matrix34(-0.857113f, -0.515005f, 0.000000f, 27.988200f, 0.515005f, -0.857113f, 0.000000f, -9.641720f, 0.000000f, 0.000000f, 0.999960f, 34.165300f)
    let n191 = n184 * Matrix34(-0.857125f, -0.515008f, 0.000000f, 13.022900f, 0.515008f, -0.857125f, 0.000000f, 29.070700f, 0.000000f, 0.000000f, 0.999971f, 49.167100f)
    let n192 = n184 * Matrix34(-0.857133f, -0.515013f, 0.000000f, -0.769944f, 0.515013f, -0.857133f, 0.000000f, 48.576900f, 0.000000f, 0.000000f, 0.999981f, 25.210600f)
    let n193 = n184 * Matrix34(-0.857156f, -0.515027f, 0.000000f, -41.648900f, 0.515027f, -0.857156f, 0.000000f, 0.575393f, 0.000000f, 0.000000f, 1.000010f, 22.004800f)
    let n194 = n184 * Matrix34(-0.857129f, -0.515015f, 0.000000f, 15.627000f, 0.515015f, -0.857129f, 0.000000f, 18.956600f, 0.000000f, 0.000000f, 0.999979f, 40.749500f)
    let n195 = n184 * Matrix34(-0.857136f, -0.515019f, 0.000000f, -7.746410f, 0.515019f, -0.857136f, 0.000000f, 27.630100f, 0.000000f, 0.000000f, 0.999988f, 27.657200f)
    let n196 = n184 * Matrix34(-0.857163f, -0.515036f, 0.000000f, -42.482700f, 0.515036f, -0.857163f, 0.000000f, -11.914400f, 0.000000f, 0.000000f, 1.000010f, 18.533200f)
    let n197 = n184 * Matrix34(-0.857117f, -0.515004f, 0.000000f, -17.167500f, 0.515004f, -0.857117f, 0.000000f, -8.880470f, 0.000000f, 0.000000f, 0.999963f, 36.243600f)
    let n198 = n184 * Matrix34(-0.857128f, -0.515010f, 0.000000f, -16.600300f, 0.515010f, -0.857128f, 0.000000f, 25.106100f, 0.000000f, 0.000000f, 0.999976f, 30.483200f)
    let n199 = n184 * Matrix34(-0.857135f, -0.515014f, 0.000000f, -39.831700f, 0.515014f, -0.857135f, 0.000000f, 26.058200f, 0.000000f, 0.000000f, 0.999983f, 25.273600f)
    let n200 = n184 * Matrix34(-0.857106f, -0.514996f, 0.000000f, -42.899100f, 0.514996f, -0.857106f, 0.000000f, 28.840000f, 0.000000f, 0.000000f, 0.999948f, 24.818600f)
    ()

let heaven_nodes_bail place (parent: Matrix34) =
    let n203 = parent * Matrix34.Identity
    let n204 = n203 * Matrix34(1.000000f, 0.000000f, 0.000000f, 0.000042f, 0.000000f, 1.000000f, 0.000000f, 0.000011f, 0.000000f, 0.000000f, 1.000000f, -0.000002f)
    place "heaven/meshes/props/bail.mesh" n204
    ()

let heaven_nodes_barrel place (parent: Matrix34) =
    let n207 = parent * Matrix34.Identity
    let n208 = n207 * Matrix34(0.999999f, 0.000000f, 0.000000f, -0.000021f, 0.000000f, 1.000000f, 0.000000f, -0.000107f, 0.000000f, 0.000000f, 1.000000f, 0.000015f)
    place "heaven/meshes/props/barrel.mesh" n208
    ()

let heaven_nodes_bucket place (parent: Matrix34) =
    let n212 = parent * Matrix34.Identity
    let n213 = n212 * Matrix34(1.000000f, 0.000000f, 0.000000f, 0.000046f, 0.000000f, 1.000000f, 0.000000f, 0.000000f, 0.000000f, 0.000000f, 1.000000f, -0.000006f)
    place "heaven/meshes/props/bucket.mesh" n213
    ()

let heaven_nodes_pier place (parent: Matrix34) =
    let n224 = parent * Matrix34.Identity
    let n225 = n224 * Matrix34(0.999998f, 0.000000f, 0.000000f, 0.000000f, 0.000000f, 0.999998f, 0.000000f, 0.000000f, 0.000000f, 0.000000f, 0.999998f, 0.000000f)
    place "heaven/meshes/buildings/pier.mesh" n225
    ()

let heaven_nodes_port place (parent: Matrix34) =
    let n221 = parent * Matrix34.Identity
    let n222 = n221 * Matrix34(0.999932f, 0.000000f, 0.000000f, 0.000004f, 0.000000f, 0.999932f, 0.000000f, 0.000000f, 0.000000f, 0.000000f, 0.999932f, 0.000000f)
    let n223 = n222 * Matrix34(1.000000f, 0.000000f, 0.000000f, 0.000000f, 0.000000f, 1.000000f, 0.000000f, 0.000000f, 0.000000f, 0.000000f, 1.000000f, 0.000000f)
    heaven_nodes_pier place n223
    let n226 = n222 * Matrix34(0.635884f, -0.771785f, 0.000000f, -56.828800f, 0.771784f, 0.635884f, 0.000000f, 10.067900f, 0.000000f, 0.000000f, 1.000000f, 20.173100f)
    place "heaven/meshes/buildings/angar.mesh" n226
    let n227 = n226 * Matrix34(0.008979f, 0.000000f, -1.000030f, -4.492420f, 1.000020f, 0.000000f, 0.008978f, 1.474690f, 0.000000f, -1.000070f, 0.000000f, -0.245003f)
    let n228 = n222 * Matrix34(-0.329749f, 0.944069f, 0.000000f, -44.846500f, -0.944069f, -0.329749f, 0.000000f, 28.698700f, 0.000000f, 0.000000f, 1.000000f, 24.026300f)
    place "heaven/meshes/buildings/port.mesh" n228
    let n229 = n228 * Matrix34(-0.923053f, -0.384672f, 0.000000f, 3.451120f, 0.384672f, -0.923053f, 0.000000f, -1.502960f, 0.000000f, 0.000000f, 1.000000f, -4.385920f)
    let n230 = n229 * Matrix34(0.667532f, 0.744579f, 0.000000f, -2.218530f, -0.744579f, 0.667532f, 0.000000f, -2.860050f, 0.000000f, 0.000000f, 0.999998f, 1.032050f)
    let n231 = n229 * Matrix34(0.667532f, 0.744579f, 0.000000f, -2.218540f, -0.744579f, 0.667532f, 0.000000f, -2.860050f, 0.000000f, 0.000000f, 0.999998f, 1.032050f)
    let n232 = n231 * Matrix34(0.667534f, -0.744579f, 0.000000f, 0.000004f, 0.744579f, 0.667534f, 0.000000f, 0.000000f, 0.000000f, 0.000000f, 1.000000f, -0.050003f)
    heaven_nodes_flies place n232
    let n233 = n228 * Matrix34(-0.329751f, -0.944074f, 0.000000f, -1.039480f, 0.944074f, -0.329751f, 0.000000f, 1.791260f, 0.000000f, 0.000000f, 1.000010f, 0.251167f)
    place "heaven/meshes/buildings/port_propeller.smesh" n233
    let n234 = n222 * Matrix34(1.109000f, -0.458388f, 0.000000f, -55.768700f, 0.458388f, 1.109000f, 0.000000f, 25.383800f, 0.000000f, 0.000000f, 1.200000f, 19.868000f)
    place "heaven/meshes/buildings/crane.mesh" n234
    ()

let heaven_nodes_ruins_bridge_part place (parent: Matrix34) =
    let n249 = parent * Matrix34.Identity
    let n250 = n249 * Matrix34(0.999981f, 0.000000f, 0.006161f, -0.003014f, -0.000001f, 1.000000f, 0.000088f, -0.018999f, -0.006161f, -0.000088f, 0.999981f, 0.216896f)
    place "heaven/meshes/ruins/bridge_part.mesh" n250
    ()

let heaven_nodes_bridges place (parent: Matrix34) =
    let n236 = parent * Matrix34.Identity
    let n237 = n236 * Matrix34(1.000000f, 0.000000f, 0.000000f, 0.000000f, 0.000000f, 1.000000f, 0.000000f, 0.000000f, 0.000000f, 0.000000f, 1.000000f, 0.000000f)
    let n238 = n237 * Matrix34(0.794010f, -0.505806f, -0.009587f, 29.776100f, 0.505714f, 0.794056f, -0.010084f, 55.552000f, 0.013540f, 0.003346f, 0.951480f, 16.386700f)
    let n239 = n237 * Matrix34(0.404340f, 0.858446f, 0.000000f, 55.532100f, -0.858449f, 0.404339f, 0.000000f, 48.344500f, 0.000000f, 0.000000f, 0.953574f, 16.646800f)
    let n240 = n236 * Matrix34(1.000000f, 0.000000f, 0.000000f, 0.000000f, 0.000000f, 1.000000f, 0.000000f, 0.000000f, 0.000000f, 0.000000f, 1.000000f, 0.000000f)
    let n241 = n240 * Matrix34(0.449807f, 0.833655f, 0.047542f, 104.161000f, -0.834736f, 0.450388f, 0.000000f, -9.044590f, -0.022480f, -0.041644f, 0.950979f, 48.824700f)
    let n242 = n236 * Matrix34(1.000000f, 0.000000f, 0.000000f, 0.000000f, 0.000000f, 1.000000f, 0.000000f, 0.000000f, 0.000000f, 0.000000f, 1.000000f, 0.000000f)
    let n243 = n242 * Matrix34(0.948253f, 0.037425f, 0.000000f, -94.505800f, -0.037425f, 0.948253f, 0.000000f, -64.423000f, 0.000000f, 0.000000f, 0.951762f, -7.538000f)
    let n244 = n236 * Matrix34(1.000000f, 0.000000f, 0.000000f, 0.000000f, 0.000000f, 1.000000f, 0.000000f, 0.000000f, 0.000000f, 0.000000f, 1.000000f, 0.000000f)
    let n245 = n236 * Matrix34(0.864797f, -0.493829f, 0.065418f, 7.156690f, 0.495353f, 0.866359f, -0.008402f, 40.499900f, -0.052631f, 0.039751f, 0.995828f, 15.651500f)
    let n246 = n236 * Matrix34(0.969130f, 0.243506f, 0.000000f, -50.610500f, -0.243351f, 0.968514f, 0.035624f, -41.671000f, 0.008680f, -0.034547f, 0.998691f, -4.051070f)
    let n247 = n236 * Matrix34(0.723440f, -0.335210f, -0.603547f, -52.529100f, 0.287740f, 0.941065f, -0.177768f, -42.353100f, 0.627567f, -0.045060f, 0.777257f, -4.863030f)
    let n248 = n247 * Matrix34(1.000000f, 0.000000f, 0.000000f, -0.000004f, 0.000000f, 1.000000f, 0.000000f, 0.000008f, 0.000000f, 0.000000f, 1.000000f, 0.000003f)
    heaven_nodes_ruins_bridge_part place n248
    let n251 = n236 * Matrix34(0.783998f, -0.370699f, -0.497925f, -56.255200f, 0.339746f, 0.927555f, -0.155612f, -43.894800f, 0.519538f, -0.047168f, 0.853145f, -7.696610f)
    let n252 = n251 * Matrix34(1.000000f, 0.000000f, 0.000000f, -0.000004f, 0.000000f, 1.000000f, 0.000000f, 0.000008f, 0.000000f, 0.000000f, 1.000000f, 0.000003f)
    heaven_nodes_ruins_bridge_part place n252
    let n253 = n236 * Matrix34(0.811829f, -0.399488f, -0.425843f, -60.185600f, 0.376254f, 0.915622f, -0.141664f, -45.658800f, 0.446504f, -0.045218f, 0.893638f, -10.077400f)
    let n254 = n253 * Matrix34(1.000000f, 0.000000f, 0.000000f, -0.000004f, 0.000000f, 1.000000f, 0.000000f, 0.000008f, 0.000000f, 0.000000f, 1.000000f, 0.000003f)
    heaven_nodes_ruins_bridge_part place n254
    let n255 = n236 * Matrix34(0.842326f, -0.423759f, -0.333039f, -64.225800f, 0.410302f, 0.904848f, -0.113588f, -47.580900f, 0.349484f, -0.040968f, 0.936046f, -12.022000f)
    let n256 = n255 * Matrix34(1.000000f, 0.000000f, 0.000000f, -0.000004f, 0.000000f, 1.000000f, 0.000000f, 0.000008f, 0.000000f, 0.000000f, 1.000000f, 0.000003f)
    heaven_nodes_ruins_bridge_part place n256
    let n257 = n236 * Matrix34(0.866218f, -0.444673f, -0.227888f, -68.415200f, 0.439689f, 0.895004f, -0.075115f, -49.656300f, 0.237362f, -0.035134f, 0.970786f, -13.460200f)
    let n258 = n257 * Matrix34(1.000000f, 0.000000f, 0.000000f, -0.000004f, 0.000000f, 1.000000f, 0.000000f, 0.000008f, 0.000000f, 0.000000f, 1.000000f, 0.000003f)
    heaven_nodes_ruins_bridge_part place n258
    let n259 = n236 * Matrix34(0.879981f, -0.462760f, -0.107171f, -72.695400f, 0.463036f, 0.886020f, -0.023805f, -51.866800f, 0.105972f, -0.028676f, 0.993955f, -14.301700f)
    let n260 = n259 * Matrix34(1.000000f, 0.000000f, 0.000000f, -0.000004f, 0.000000f, 1.000000f, 0.000000f, 0.000008f, 0.000000f, 0.000000f, 1.000000f, 0.000003f)
    heaven_nodes_ruins_bridge_part place n260
    let n261 = n236 * Matrix34(0.877854f, -0.478643f, 0.016525f, -77.031200f, 0.477934f, 0.877733f, 0.034130f, -54.190800f, -0.030840f, -0.022063f, 0.999281f, -14.486500f)
    let n262 = n261 * Matrix34(1.000000f, 0.000000f, 0.000000f, -0.000004f, 0.000000f, 1.000000f, 0.000000f, 0.000008f, 0.000000f, 0.000000f, 1.000000f, 0.000003f)
    heaven_nodes_ruins_bridge_part place n262
    let n263 = n236 * Matrix34(0.857356f, -0.492871f, 0.148386f, -81.274400f, 0.482522f, 0.869963f, 0.101670f, -56.545200f, -0.179201f, -0.015568f, 0.983689f, -13.972400f)
    let n264 = n263 * Matrix34(1.000000f, 0.000000f, 0.000000f, -0.000004f, 0.000000f, 1.000000f, 0.000000f, 0.000008f, 0.000000f, 0.000000f, 1.000000f, 0.000003f)
    heaven_nodes_ruins_bridge_part place n264
    let n265 = n236 * Matrix34(0.817982f, -0.506026f, 0.273574f, -85.378400f, 0.476391f, 0.862466f, 0.170891f, -58.907800f, -0.322424f, -0.009458f, 0.946548f, -12.741400f)
    let n266 = n265 * Matrix34(1.000000f, 0.000000f, 0.000000f, -0.000004f, 0.000000f, 1.000000f, 0.000000f, 0.000008f, 0.000000f, 0.000000f, 1.000000f, 0.000003f)
    heaven_nodes_ruins_bridge_part place n266
    let n267 = n236 * Matrix34(0.762646f, -0.518120f, 0.387198f, -89.268400f, 0.460427f, 0.855303f, 0.237622f, -61.197700f, -0.454288f, -0.002945f, 0.890850f, -10.833900f)
    let n268 = n267 * Matrix34(1.000000f, 0.000000f, 0.000000f, -0.000004f, 0.000000f, 1.000000f, 0.000000f, 0.000008f, 0.000000f, 0.000000f, 1.000000f, 0.000003f)
    heaven_nodes_ruins_bridge_part place n268
    let n269 = n236 * Matrix34(0.694322f, -0.526238f, 0.490908f, -92.850800f, 0.430195f, 0.850337f, 0.303083f, -63.404400f, -0.576931f, 0.000749f, 0.816792f, -8.293300f)
    let n270 = n269 * Matrix34(0.999987f, 0.005023f, -0.000329f, 0.000610f, -0.005023f, 0.999987f, 0.000420f, -0.007015f, 0.000331f, -0.000418f, 1.000000f, 0.000244f)
    heaven_nodes_ruins_bridge_part place n270
    let n271 = n236 * Matrix34(0.307250f, 0.851193f, -0.425522f, 103.271000f, -0.435784f, 0.523361f, 0.732247f, -7.557590f, 0.845984f, -0.039547f, 0.531739f, 47.490800f)
    let n272 = n271 * Matrix34(1.000000f, 0.000000f, 0.000000f, -0.000002f, 0.000000f, 1.000000f, 0.000000f, 0.000000f, 0.000000f, 0.000000f, 1.000000f, 0.000002f)
    heaven_nodes_ruins_bridge_part place n272
    let n273 = n236 * Matrix34(0.425879f, 0.816412f, -0.389999f, 101.447000f, -0.487261f, 0.570149f, 0.661443f, -5.261430f, 0.762367f, -0.091664f, 0.640620f, 43.493500f)
    let n274 = n273 * Matrix34(1.000000f, 0.000000f, 0.000000f, -0.000015f, 0.000000f, 1.000000f, 0.000000f, 0.000000f, 0.000000f, 0.000000f, 1.000000f, -0.000008f)
    heaven_nodes_ruins_bridge_part place n274
    let n275 = n236 * Matrix34(0.483872f, 0.789359f, -0.377862f, 99.205000f, -0.485877f, 0.601427f, 0.634199f, -2.863280f, 0.727867f, -0.123277f, 0.674546f, 39.821100f)
    let n276 = n275 * Matrix34(1.000000f, 0.000000f, 0.000000f, -0.000015f, 0.000000f, 1.000000f, 0.000000f, 0.000000f, 0.000000f, 0.000000f, 1.000000f, -0.000008f)
    heaven_nodes_ruins_bridge_part place n276
    let n277 = n236 * Matrix34(0.523155f, 0.770111f, -0.365017f, 96.726500f, -0.490122f, 0.622262f, 0.610385f, -0.459566f, 0.697201f, -0.140423f, 0.702988f, 36.311400f)
    let n278 = n277 * Matrix34(1.000000f, 0.000000f, 0.000000f, -0.000015f, 0.000000f, 1.000000f, 0.000000f, 0.000000f, 0.000000f, 0.000000f, 1.000000f, -0.000008f)
    heaven_nodes_ruins_bridge_part place n278
    let n279 = n236 * Matrix34(0.553979f, 0.757217f, -0.346021f, 94.073800f, -0.505116f, 0.636092f, 0.583305f, 1.992590f, 0.661789f, -0.148358f, 0.734864f, 32.963800f)
    let n280 = n279 * Matrix34(1.000000f, 0.000000f, 0.000000f, -0.000015f, 0.000000f, 1.000000f, 0.000000f, 0.000000f, 0.000000f, 0.000000f, 1.000000f, -0.000008f)
    heaven_nodes_ruins_bridge_part place n280
    let n281 = n236 * Matrix34(0.577627f, 0.749544f, -0.323312f, 91.287200f, -0.526667f, 0.644808f, 0.553936f, 4.535090f, 0.623673f, -0.149691f, 0.767218f, 29.797000f)
    let n282 = n281 * Matrix34(1.000000f, 0.000000f, 0.000000f, -0.000015f, 0.000000f, 1.000000f, 0.000000f, 0.000000f, 0.000000f, 0.000000f, 1.000000f, -0.000008f)
    heaven_nodes_ruins_bridge_part place n282
    let n283 = n236 * Matrix34(0.595394f, 0.746311f, -0.297533f, 88.398900f, -0.553016f, 0.649320f, 0.522069f, 7.195430f, 0.582820f, -0.146296f, 0.799324f, 26.824800f)
    let n284 = n283 * Matrix34(1.000000f, 0.000000f, 0.000000f, -0.000015f, 0.000000f, 1.000000f, 0.000000f, 0.000000f, 0.000000f, 0.000000f, 1.000000f, -0.000008f)
    heaven_nodes_ruins_bridge_part place n284
    let n285 = n236 * Matrix34(0.609214f, 0.746442f, -0.267737f, 85.432100f, -0.583935f, 0.650691f, 0.485409f, 9.997940f, 0.536543f, -0.139377f, 0.832283f, 24.066200f)
    let n286 = n285 * Matrix34(1.000000f, 0.000000f, 0.000000f, -0.000015f, 0.000000f, 1.000000f, 0.000000f, 0.000000f, 0.000000f, 0.000000f, 1.000000f, -0.000008f)
    heaven_nodes_ruins_bridge_part place n286
    let n287 = n236 * Matrix34(0.619024f, 0.749565f, -0.234440f, 82.407100f, -0.617888f, 0.649072f, 0.443757f, 12.961200f, 0.484793f, -0.129839f, 0.864938f, 21.548600f)
    let n288 = n287 * Matrix34(1.000000f, 0.000000f, 0.000000f, -0.000015f, 0.000000f, 1.000000f, 0.000000f, 0.000000f, 0.000000f, 0.000000f, 1.000000f, -0.000008f)
    heaven_nodes_ruins_bridge_part place n288
    let n289 = n236 * Matrix34(0.624662f, 0.755269f, -0.198409f, 79.343100f, -0.653410f, 0.644661f, 0.396821f, 16.096200f, 0.427614f, -0.118237f, 0.896196f, 19.299800f)
    let n290 = n289 * Matrix34(1.000000f, 0.000000f, 0.000000f, -0.000015f, 0.000000f, 1.000000f, 0.000000f, 0.000000f, 0.000000f, 0.000000f, 1.000000f, -0.000008f)
    heaven_nodes_ruins_bridge_part place n290
    let n291 = n236 * Matrix34(0.627695f, 0.762327f, -0.157657f, 76.256400f, -0.689770f, 0.638537f, 0.341303f, 19.411300f, 0.360854f, -0.105487f, 0.926637f, 17.354500f)
    let n292 = n291 * Matrix34(1.000000f, 0.000000f, 0.000000f, -0.000015f, 0.000000f, 1.000000f, 0.000000f, 0.000000f, 0.000000f, 0.000000f, 1.000000f, -0.000008f)
    heaven_nodes_ruins_bridge_part place n292
    let n293 = n236 * Matrix34(0.625366f, 0.771805f, -0.115038f, 73.168600f, -0.725275f, 0.629285f, 0.279241f, 22.904600f, 0.287911f, -0.091194f, 0.953305f, 15.753500f)
    let n294 = n293 * Matrix34(1.000000f, 0.000000f, 0.000000f, -0.000015f, 0.000000f, 1.000000f, 0.000000f, 0.000000f, 0.000000f, 0.000000f, 1.000000f, -0.000008f)
    heaven_nodes_ruins_bridge_part place n294
    let n295 = n236 * Matrix34(0.618340f, 0.783024f, -0.067294f, 70.101000f, -0.759404f, 0.617341f, 0.205414f, 26.572900f, 0.202388f, -0.075913f, 0.976359f, 14.542900f)
    let n296 = n295 * Matrix34(1.000000f, 0.000000f, 0.000000f, -0.000015f, 0.000000f, 1.000000f, 0.000000f, 0.000000f, 0.000000f, 0.000000f, 1.000000f, -0.000008f)
    heaven_nodes_ruins_bridge_part place n296
    let n297 = n236 * Matrix34(0.604661f, 0.796160f, -0.022657f, 67.085600f, -0.787994f, 0.602117f, 0.128528f, 30.395700f, 0.115971f, -0.059862f, 0.991447f, 13.757200f)
    let n298 = n297 * Matrix34(1.000000f, 0.000000f, 0.000000f, -0.000015f, 0.000000f, 1.000000f, 0.000000f, 0.000000f, 0.000000f, 0.000000f, 1.000000f, -0.000008f)
    heaven_nodes_ruins_bridge_part place n298
    let n299 = n236 * Matrix34(0.582899f, 0.812109f, 0.026591f, 64.205000f, -0.812416f, 0.581912f, 0.036869f, 34.302100f, 0.014468f, -0.043093f, 0.998966f, 13.482900f)
    let n300 = n299 * Matrix34(1.000000f, 0.000000f, 0.000000f, -0.000015f, 0.000000f, 1.000000f, 0.000000f, 0.000000f, 0.000000f, 0.000000f, 1.000000f, -0.000008f)
    heaven_nodes_ruins_bridge_part place n300
    let n301 = n236 * Matrix34(0.551855f, 0.830680f, 0.073661f, 61.455100f, -0.828657f, 0.556142f, -0.063506f, 38.309000f, -0.093719f, -0.025994f, 0.995259f, 13.714600f)
    let n302 = n301 * Matrix34(1.000000f, 0.000000f, 0.000000f, -0.000015f, 0.000000f, 1.000000f, 0.000000f, 0.000000f, 0.000000f, 0.000000f, 1.000000f, -0.000008f)
    heaven_nodes_ruins_bridge_part place n302
    let n303 = n236 * Matrix34(0.509522f, 0.852695f, 0.115319f, 58.892200f, -0.835665f, 0.522317f, -0.169849f, 42.359900f, -0.205063f, -0.009826f, 0.978699f, 14.482000f)
    let n304 = n303 * Matrix34(1.000000f, 0.000000f, 0.000000f, -0.000015f, 0.000000f, 1.000000f, 0.000000f, 0.000000f, 0.000000f, 0.000000f, 1.000000f, -0.000008f)
    heaven_nodes_ruins_bridge_part place n304
    let n305 = n236 * Matrix34(0.451258f, 0.878248f, 0.158259f, 56.567700f, -0.825885f, 0.478188f, -0.298748f, 46.415800f, -0.338053f, 0.004109f, 0.941118f, 15.843800f)
    let n306 = n305 * Matrix34(1.000000f, 0.000000f, 0.000000f, -0.000015f, 0.000000f, 1.000000f, 0.000000f, 0.000000f, 0.000000f, 0.000000f, 1.000000f, -0.000008f)
    heaven_nodes_ruins_bridge_part place n306
    let n307 = n236 * Matrix34(0.687785f, -0.498161f, 0.528004f, 8.874420f, 0.413787f, 0.866670f, 0.278681f, 41.580500f, -0.596433f, 0.026809f, 0.802215f, 14.654900f)
    let n308 = n307 * Matrix34(1.000000f, 0.000000f, 0.000000f, -0.000002f, 0.000000f, 1.000000f, 0.000000f, 0.000000f, 0.000000f, 0.000000f, 1.000000f, 0.000002f)
    heaven_nodes_ruins_bridge_part place n308
    let n309 = n236 * Matrix34(0.794463f, -0.520722f, 0.312532f, 12.536600f, 0.495064f, 0.853362f, 0.163356f, 43.820300f, -0.351766f, 0.024943f, 0.935756f, 12.313400f)
    let n310 = n309 * Matrix34(1.000000f, 0.000000f, 0.000000f, -0.000002f, 0.000000f, 1.000000f, 0.000000f, 0.000000f, 0.000000f, 0.000000f, 1.000000f, 0.000002f)
    heaven_nodes_ruins_bridge_part place n310
    let n311 = n236 * Matrix34(0.833082f, -0.547815f, 0.076634f, 16.585200f, 0.547204f, 0.836439f, 0.030632f, 46.408000f, -0.080880f, 0.016415f, 0.996589f, 11.237800f)
    let n312 = n311 * Matrix34(1.000000f, 0.000000f, 0.000000f, -0.000002f, 0.000000f, 1.000000f, 0.000000f, 0.000000f, 0.000000f, 0.000000f, 1.000000f, 0.000002f)
    heaven_nodes_ruins_bridge_part place n312
    let n313 = n236 * Matrix34(0.809077f, -0.568860f, -0.147621f, 20.681500f, 0.559060f, 0.822430f, -0.105168f, 49.165300f, 0.181234f, 0.002560f, 0.983437f, 11.488200f)
    let n314 = n313 * Matrix34(1.000000f, 0.000000f, 0.000000f, -0.000002f, 0.000000f, 1.000000f, 0.000000f, 0.000000f, 0.000000f, 0.000000f, 1.000000f, 0.000002f)
    heaven_nodes_ruins_bridge_part place n314
    let n315 = n236 * Matrix34(0.747468f, -0.576455f, -0.330139f, 24.513300f, 0.533647f, 0.817026f, -0.218377f, 51.855500f, 0.395617f, -0.012948f, 0.918324f, 12.908400f)
    let n316 = n315 * Matrix34(1.000000f, 0.000000f, 0.000000f, -0.000002f, 0.000000f, 1.000000f, 0.000000f, 0.000000f, 0.000000f, 0.000000f, 1.000000f, 0.000002f)
    heaven_nodes_ruins_bridge_part place n316
    let n317 = n236 * Matrix34(0.684745f, -0.563079f, -0.462673f, 28.046200f, 0.478270f, 0.826219f, -0.297691f, 54.352000f, 0.549892f, -0.017440f, 0.835053f, 15.240800f)
    let n318 = n317 * Matrix34(1.000000f, 0.000000f, 0.000000f, -0.000002f, 0.000000f, 1.000000f, 0.000000f, 0.000000f, 0.000000f, 0.000000f, 1.000000f, 0.000002f)
    heaven_nodes_ruins_bridge_part place n318
    ()

let heaven_nodes_fly_island2 place (parent: Matrix34) =
    let n321 = parent * Matrix34.Identity
    let n322 = n321 * Matrix34(1.000000f, 0.000000f, 0.000000f, 0.000031f, 0.000000f, 1.000000f, 0.000000f, 0.000000f, 0.000000f, 0.000000f, 0.999959f, 0.000001f)
    place "heaven/meshes/environment/fly_island2.mesh" n322
    let n323 = n322 * Matrix34(1.000000f, 0.000000f, 0.000000f, -20.505400f, 0.000000f, 1.000000f, 0.000000f, -20.981500f, 0.000000f, 0.000000f, 1.000040f, 0.000002f)
    let n324 = n322 * Matrix34(1.000000f, 0.000000f, 0.000000f, -20.505400f, 0.000000f, 1.000000f, 0.000000f, -20.981500f, 0.000000f, 0.000000f, 1.000040f, 0.000002f)
    ()

let heaven_nodes_fort place (parent: Matrix34) =
    let n370 = parent * Matrix34.Identity
    let n371 = n370 * Matrix34(1.000000f, 0.000000f, 0.000000f, -0.021973f, 0.000000f, 1.000000f, 0.000000f, -0.000759f, 0.000000f, 0.000000f, 1.000000f, -0.000080f)
    place "heaven/meshes/buildings/fort.mesh" n371
    ()

let heaven_nodes_flag place (parent: Matrix34) =
    let n373 = parent * Matrix34.Identity
    let n374 = n373 * Matrix34(1.000000f, 0.000000f, 0.000000f, -0.000001f, 0.000000f, 1.000000f, 0.000000f, 0.000004f, 0.000000f, 0.000000f, 1.000000f, 0.000000f)
    let n375 = n374 * Matrix34(0.999956f, 0.000000f, 0.000000f, -0.030435f, 0.000000f, 0.999956f, 0.000000f, 0.007446f, 0.000000f, 0.000000f, 0.999956f, 0.180455f)
